0.000000000000000000e+00 -4.088657349348068237e-02 -4.088657349348068237e-02 2.471883222460746765e-02
1.000000000000000000e+00 -2.694639936089515686e-02 -2.694639936089515686e-02 4.418490231037139893e-01
2.000000000000000000e+00 -4.088657349348068237e-02 4.088657349348068237e-02 2.471883222460746765e-02
3.000000000000000000e+00 -2.694640308618545532e-02 2.694640308618545532e-02 4.418490827083587646e-01
4.000000000000000000e+00 4.088657349348068237e-02 -4.088657349348068237e-02 2.471883222460746765e-02
5.000000000000000000e+00 2.694640308618545532e-02 -2.694640308618545532e-02 4.418490827083587646e-01
6.000000000000000000e+00 4.088657349348068237e-02 4.088657349348068237e-02 2.471883222460746765e-02
7.000000000000000000e+00 2.694640308618545532e-02 2.694640308618545532e-02 4.418490827083587646e-01
8.000000000000000000e+00 3.602727130055427551e-02 3.602727130055427551e-02 2.471882849931716919e-01
9.000000000000000000e+00 -3.602727130055427551e-02 3.602727130055427551e-02 2.471882849931716919e-01
1.000000000000000000e+01 -3.602727130055427551e-02 -3.602727130055427551e-02 2.471882551908493042e-01
1.100000000000000000e+01 3.602727130055427551e-02 -3.602727130055427551e-02 2.471882551908493042e-01
1.200000000000000000e+01 3.853804245591163635e-02 3.853804245591163635e-02 1.359535604715347290e-01
1.300000000000000000e+01 -3.853804618120193481e-02 3.853804618120193481e-02 1.359535455703735352e-01
1.400000000000000000e+01 -3.853804618120193481e-02 -3.853804618120193481e-02 1.359535455703735352e-01
1.500000000000000000e+01 3.853804618120193481e-02 -3.853804618120193481e-02 1.359535455703735352e-01
1.600000000000000000e+01 3.440051898360252380e-02 -3.440051898360252380e-02 3.584230244159698486e-01
1.700000000000000000e+01 -3.440051898360252380e-02 -3.440051898360252380e-02 3.584230244159698486e-01
1.800000000000000000e+01 -3.440051898360252380e-02 3.440051898360252380e-02 3.584230244159698486e-01
1.900000000000000000e+01 3.440051898360252380e-02 3.440051898360252380e-02 3.584230244159698486e-01
2.000000000000000000e+01 -5.238585919141769409e-02 2.235981635749340057e-02 2.471883222460746765e-02
2.100000000000000000e+01 -5.621891468763351440e-02 -1.637162488909993385e-10 2.471883222460746765e-02
2.200000000000000000e+01 -5.238585919141769409e-02 -2.235981635749340057e-02 2.471883222460746765e-02
2.300000000000000000e+01 -3.097634017467498779e-02 -1.603875868022441864e-02 4.459053575992584229e-01
2.400000000000000000e+01 -3.300821408629417419e-02 3.109910662324466557e-10 4.479429125785827637e-01
2.500000000000000000e+01 -3.097634576261043549e-02 1.603876054286956787e-02 4.459054172039031982e-01
2.600000000000000000e+01 2.235981635749340057e-02 5.238585919141769409e-02 2.471883222460746765e-02
2.700000000000000000e+01 -1.202327570837269377e-09 5.621891468763351440e-02 2.471883222460746765e-02
2.800000000000000000e+01 -2.235981635749340057e-02 5.238585919141769409e-02 2.471883222460746765e-02
2.900000000000000000e+01 -1.603875495493412018e-02 3.097634017467498779e-02 4.459053575992584229e-01
3.000000000000000000e+01 -1.865762683239680086e-10 3.300821036100387573e-02 4.479429125785827637e-01
3.100000000000000000e+01 1.603875868022441864e-02 3.097634203732013702e-02 4.459054172039031982e-01
3.200000000000000000e+01 -1.970224268734455109e-02 4.615953937172889709e-02 2.471882849931716919e-01
3.300000000000000000e+01 2.136200383251463109e-10 4.953671246767044067e-02 2.471882849931716919e-01
3.400000000000000000e+01 1.970224082469940186e-02 4.615953192114830017e-02 2.471882849931716919e-01
3.500000000000000000e+01 5.238585919141769409e-02 -2.235981635749340057e-02 2.471883222460746765e-02
3.600000000000000000e+01 5.621891468763351440e-02 1.142598571313158118e-09 2.471883222460746765e-02
3.700000000000000000e+01 5.238585919141769409e-02 2.235981635749340057e-02 2.471883222460746765e-02
3.800000000000000000e+01 3.097634576261043549e-02 1.603876054286956787e-02 4.459054172039031982e-01
3.900000000000000000e+01 3.300821036100387573e-02 4.345687698581457425e-10 4.479429125785827637e-01
4.000000000000000000e+01 3.097633831202983856e-02 -1.603875868022441864e-02 4.459053575992584229e-01
4.100000000000000000e+01 3.442766517400741577e-02 -3.442766517400741577e-02 3.857918083667755127e-01
4.200000000000000000e+01 3.359451517462730408e-02 -3.359451517462730408e-02 4.105213880538940430e-01
4.300000000000000000e+01 3.078502416610717773e-02 -3.078502416610717773e-02 4.300993382930755615e-01
4.400000000000000000e+01 -2.235981635749340057e-02 -5.238585919141769409e-02 2.471883222460746765e-02
4.500000000000000000e+01 -1.202327570837269377e-09 -5.621891468763351440e-02 2.471883222460746765e-02
4.600000000000000000e+01 2.235981635749340057e-02 -5.238585919141769409e-02 2.471883222460746765e-02
4.700000000000000000e+01 1.603875868022441864e-02 -3.097634576261043549e-02 4.459054172039031982e-01
4.800000000000000000e+01 3.077344212787380684e-10 -3.300821408629417419e-02 4.479429721832275391e-01
4.900000000000000000e+01 -1.603875868022441864e-02 -3.097634017467498779e-02 4.459053575992584229e-01
5.000000000000000000e+01 -1.970224268734455109e-02 -4.615953937172889709e-02 2.471882849931716919e-01
5.100000000000000000e+01 2.136200383251463109e-10 -4.953671246767044067e-02 2.471882849931716919e-01
5.200000000000000000e+01 1.970224454998970032e-02 -4.615953937172889709e-02 2.471882551908493042e-01
5.300000000000000000e+01 3.790148347616195679e-02 3.790148347616195679e-02 1.637622416019439697e-01
5.400000000000000000e+01 3.709404915571212769e-02 3.709404915571212769e-02 1.915709376335144043e-01
5.500000000000000000e+01 3.642034903168678284e-02 3.642034903168678284e-02 2.193796336650848389e-01
5.600000000000000000e+01 -3.790148347616195679e-02 3.790148347616195679e-02 1.637622416019439697e-01
5.700000000000000000e+01 -3.709404543042182922e-02 3.709404543042182922e-02 1.915709376335144043e-01
5.800000000000000000e+01 -3.642034903168678284e-02 3.642034903168678284e-02 2.193796038627624512e-01
5.900000000000000000e+01 -3.790148347616195679e-02 -3.790148347616195679e-02 1.637622416019439697e-01
6.000000000000000000e+01 -3.709404543042182922e-02 -3.709404543042182922e-02 1.915709376335144043e-01
6.100000000000000000e+01 -3.642034903168678284e-02 -3.642034903168678284e-02 2.193796038627624512e-01
6.200000000000000000e+01 3.790148347616195679e-02 -3.790148347616195679e-02 1.637622416019439697e-01
6.300000000000000000e+01 3.709404915571212769e-02 -3.709404915571212769e-02 1.915709376335144043e-01
6.400000000000000000e+01 3.642034903168678284e-02 -3.642034903168678284e-02 2.193796336650848389e-01
6.500000000000000000e+01 -3.442766517400741577e-02 -3.442766517400741577e-02 3.857918083667755127e-01
6.600000000000000000e+01 -3.359451517462730408e-02 -3.359451517462730408e-02 4.105213880538940430e-01
6.700000000000000000e+01 -3.078502416610717773e-02 -3.078502416610717773e-02 4.300993382930755615e-01
6.800000000000000000e+01 -3.442766517400741577e-02 3.442766517400741577e-02 3.857918083667755127e-01
6.900000000000000000e+01 -3.359451889991760254e-02 3.359451517462730408e-02 4.105213880538940430e-01
7.000000000000000000e+01 -3.078502416610717773e-02 3.078502975404262543e-02 4.300993680953979492e-01
7.100000000000000000e+01 3.442766517400741577e-02 3.442766517400741577e-02 3.857918083667755127e-01
7.200000000000000000e+01 3.359451517462730408e-02 3.359451889991760254e-02 4.105213880538940430e-01
7.300000000000000000e+01 3.078502975404262543e-02 3.078502416610717773e-02 4.300993680953979492e-01
7.400000000000000000e+01 -4.615953192114830017e-02 -1.970224268734455109e-02 2.471882849931716919e-01
7.500000000000000000e+01 -4.953671619296073914e-02 -2.154040834589920905e-10 2.471882849931716919e-01
7.600000000000000000e+01 -4.615955054759979248e-02 1.970224082469940186e-02 2.471882849931716919e-01
7.700000000000000000e+01 4.615953937172889709e-02 1.970224082469940186e-02 2.471882849931716919e-01
7.800000000000000000e+01 4.953671246767044067e-02 -5.853830198354614822e-10 2.471882849931716919e-01
7.900000000000000000e+01 4.615953192114830017e-02 -1.970224082469940186e-02 2.471882849931716919e-01
8.000000000000000000e+01 3.944298252463340759e-02 3.944298252463340759e-02 8.033619821071624756e-02
8.100000000000000000e+01 3.902206197381019592e-02 3.902206197381019592e-02 1.081448569893836975e-01
8.200000000000000000e+01 -4.000849276781082153e-02 4.000849276781082153e-02 5.252751335501670837e-02
8.300000000000000000e+01 -3.944298252463340759e-02 3.944298252463340759e-02 8.033619821071624756e-02
8.400000000000000000e+01 -3.902206197381019592e-02 3.902206197381019592e-02 1.081448569893836975e-01
8.500000000000000000e+01 -4.000849276781082153e-02 -4.000849276781082153e-02 5.252751335501670837e-02
8.600000000000000000e+01 -3.944298252463340759e-02 -3.944298252463340759e-02 8.033619821071624756e-02
8.700000000000000000e+01 -3.902206197381019592e-02 -3.902206197381019592e-02 1.081448569893836975e-01
8.800000000000000000e+01 4.000849276781082153e-02 -4.000849276781082153e-02 5.252751335501670837e-02
8.900000000000000000e+01 3.944298252463340759e-02 -3.944298252463340759e-02 8.033619821071624756e-02
9.000000000000000000e+01 3.902206197381019592e-02 -3.902206197381019592e-02 1.081448569893836975e-01
9.100000000000000000e+01 4.937587678432464600e-02 2.107506431639194489e-02 1.359535455703735352e-01
9.200000000000000000e+01 5.298784747719764709e-02 -6.113282657871366155e-10 1.359535604715347290e-01
9.300000000000000000e+01 4.937587305903434753e-02 -2.107506431639194489e-02 1.359535604715347290e-01
9.400000000000000000e+01 -2.107506431639194489e-02 4.937587678432464600e-02 1.359535455703735352e-01
9.500000000000000000e+01 4.339590631285972222e-10 5.298784747719764709e-02 1.359535604715347290e-01
9.600000000000000000e+01 2.107506245374679565e-02 4.937587305903434753e-02 1.359535604715347290e-01
9.700000000000000000e+01 -4.937587305903434753e-02 -2.107506431639194489e-02 1.359535604715347290e-01
9.800000000000000000e+01 -5.298784747719764709e-02 -1.276280053863487751e-10 1.359535455703735352e-01
9.900000000000000000e+01 -4.937587678432464600e-02 2.107506431639194489e-02 1.359535604715347290e-01
1.000000000000000000e+02 -2.107506431639194489e-02 -4.937587678432464600e-02 1.359535753726959229e-01
1.010000000000000000e+02 4.339591741508996847e-10 -5.298784747719764709e-02 1.359535455703735352e-01
1.020000000000000000e+02 2.107506431639194489e-02 -4.937586933374404907e-02 1.359535753726959229e-01
1.030000000000000000e+02 3.577893599867820740e-02 -3.577893599867820740e-02 2.749969363212585449e-01
1.040000000000000000e+02 3.517823293805122375e-02 -3.517823293805122375e-02 3.028056621551513672e-01
1.050000000000000000e+02 3.461938723921775818e-02 -3.461938723921775818e-02 3.306142985820770264e-01
1.060000000000000000e+02 -3.577893599867820740e-02 -3.577893599867820740e-02 2.749969363212585449e-01
1.070000000000000000e+02 -3.517823293805122375e-02 -3.517823293805122375e-02 3.028056621551513672e-01
1.080000000000000000e+02 -3.461938723921775818e-02 -3.461938723921775818e-02 3.306142985820770264e-01
1.090000000000000000e+02 -3.577893599867820740e-02 3.577893599867820740e-02 2.749969363212585449e-01
1.100000000000000000e+02 -3.517823293805122375e-02 3.517823293805122375e-02 3.028056621551513672e-01
1.110000000000000000e+02 -3.461939096450805664e-02 3.461939096450805664e-02 3.306143879890441895e-01
1.120000000000000000e+02 3.577893599867820740e-02 3.577893599867820740e-02 2.749969959259033203e-01
1.130000000000000000e+02 3.517823293805122375e-02 3.517823293805122375e-02 3.028056621551513672e-01
1.140000000000000000e+02 3.461938351392745972e-02 3.461938351392745972e-02 3.306143283843994141e-01
1.150000000000000000e+02 -4.407565668225288391e-02 -1.881278119981288910e-02 3.584230244159698486e-01
1.160000000000000000e+02 -4.730071499943733215e-02 -8.545115309788187119e-11 3.584229946136474609e-01
1.170000000000000000e+02 -4.407566413283348083e-02 1.881278119981288910e-02 3.584230244159698486e-01
1.180000000000000000e+02 -1.881278119981288910e-02 4.407565668225288391e-02 3.584230244159698486e-01
1.190000000000000000e+02 -2.468193149862685232e-10 4.730071499943733215e-02 3.584229946136474609e-01
1.200000000000000000e+02 1.881278119981288910e-02 4.407566413283348083e-02 3.584230244159698486e-01
1.210000000000000000e+02 4.407565668225288391e-02 1.881278119981288910e-02 3.584230244159698486e-01
1.220000000000000000e+02 4.730071499943733215e-02 -1.639575003542503850e-10 3.584229946136474609e-01
1.230000000000000000e+02 4.407566413283348083e-02 -1.881278119981288910e-02 3.584230244159698486e-01
1.240000000000000000e+02 -1.881277933716773987e-02 -4.407566413283348083e-02 3.584230244159698486e-01
1.250000000000000000e+02 1.064594662425477622e-10 -4.730071499943733215e-02 3.584230244159698486e-01
1.260000000000000000e+02 1.881277933716773987e-02 -4.407565668225288391e-02 3.584230244159698486e-01
1.270000000000000000e+02 1.893247663974761963e-02 -4.435608908534049988e-02 3.306142985820770264e-01
1.280000000000000000e+02 -5.152039350697634745e-10 -4.760166257619857788e-02 3.306142389774322510e-01
1.290000000000000000e+02 -1.893247105181217194e-02 -4.435608908534049988e-02 3.306143283843994141e-01
1.300000000000000000e+02 1.923808269202709198e-02 -4.507207497954368591e-02 3.028056621551513672e-01
1.310000000000000000e+02 2.739277693564190486e-10 -4.837001487612724304e-02 3.028056025505065918e-01
1.320000000000000000e+02 -1.923808269202709198e-02 -4.507207125425338745e-02 3.028056621551513672e-01
1.330000000000000000e+02 1.956652849912643433e-02 -4.584157466888427734e-02 2.749969959259033203e-01
1.340000000000000000e+02 -4.547274501387477130e-10 -4.919565096497535706e-02 2.749969065189361572e-01
1.350000000000000000e+02 -1.956652849912643433e-02 -4.584157839417457581e-02 2.749969959259033203e-01
1.360000000000000000e+02 1.722077094018459320e-02 1.722076535224914551e-02 4.545848965644836426e-01
1.370000000000000000e+02 1.190413601026563128e-10 1.819100230932235718e-02 4.575236439704895020e-01
1.380000000000000000e+02 -1.722077280282974243e-02 1.722077094018459320e-02 4.545848965644836426e-01
1.390000000000000000e+02 1.819100417196750641e-02 -5.117187229508601831e-10 4.575236439704895020e-01
1.400000000000000000e+02 8.780791371787444177e-11 -5.527281410344642154e-10 4.607314467430114746e-01
1.410000000000000000e+02 -1.819100417196750641e-02 5.267374314499306820e-10 4.575236439704895020e-01
1.420000000000000000e+02 1.722077094018459320e-02 -1.722077280282974243e-02 4.545848965644836426e-01
1.430000000000000000e+02 -1.301881796811343861e-10 -1.819100044667720795e-02 4.575236439704895020e-01
1.440000000000000000e+02 -1.722077094018459320e-02 -1.722076535224914551e-02 4.545848667621612549e-01
1.450000000000000000e+02 4.411381483078002930e-02 -1.882722601294517517e-02 3.858293592929840088e-01
1.460000000000000000e+02 4.734392464160919189e-02 -1.613416900081432459e-10 3.858669400215148926e-01
1.470000000000000000e+02 4.411381483078002930e-02 1.882722601294517517e-02 3.858293592929840088e-01
1.480000000000000000e+02 4.307301715016365051e-02 -1.836990006268024445e-02 4.108217656612396240e-01
1.490000000000000000e+02 4.624622315168380737e-02 -3.153925731691487044e-10 4.111222028732299805e-01
1.500000000000000000e+02 4.307302460074424744e-02 1.836990006268024445e-02 4.108217954635620117e-01
1.510000000000000000e+02 3.920175880193710327e-02 -1.700172387063503265e-02 4.312219023704528809e-01
1.520000000000000000e+02 4.207213968038558960e-02 1.462049578626611890e-11 4.322040081024169922e-01
1.530000000000000000e+02 3.920175507664680481e-02 1.700172573328018188e-02 4.312219023704528809e-01
1.540000000000000000e+02 1.882722601294517517e-02 4.411381483078002930e-02 3.858293592929840088e-01
1.550000000000000000e+02 -3.394361458575190227e-10 4.734392464160919189e-02 3.858669400215148926e-01
1.560000000000000000e+02 -1.882722601294517517e-02 4.411381483078002930e-02 3.858293592929840088e-01
1.570000000000000000e+02 1.836989820003509521e-02 4.307301715016365051e-02 4.108217656612396240e-01
1.580000000000000000e+02 4.960266641873545268e-10 4.624622315168380737e-02 4.111222326755523682e-01
1.590000000000000000e+02 -1.836990006268024445e-02 4.307302460074424744e-02 4.108217954635620117e-01
1.600000000000000000e+02 1.700172200798988342e-02 3.920175880193710327e-02 4.312219023704528809e-01
1.610000000000000000e+02 -1.241066832635695505e-10 4.207213968038558960e-02 4.322040081024169922e-01
1.620000000000000000e+02 -1.700172759592533112e-02 3.920175507664680481e-02 4.312219023704528809e-01
1.630000000000000000e+02 -4.411381483078002930e-02 1.882722601294517517e-02 3.858293592929840088e-01
1.640000000000000000e+02 -4.734392464160919189e-02 -1.810901290033584132e-10 3.858669400215148926e-01
1.650000000000000000e+02 -4.411381483078002930e-02 -1.882722601294517517e-02 3.858293592929840088e-01
1.660000000000000000e+02 -4.307301715016365051e-02 1.836989820003509521e-02 4.108217656612396240e-01
1.670000000000000000e+02 -4.624622315168380737e-02 6.461512436217731192e-10 4.111222326755523682e-01
1.680000000000000000e+02 -4.307302460074424744e-02 -1.836990006268024445e-02 4.108217954635620117e-01
1.690000000000000000e+02 -3.920175880193710327e-02 1.700172200798988342e-02 4.312219023704528809e-01
1.700000000000000000e+02 -4.207213968038558960e-02 1.366746577025068632e-10 4.322040081024169922e-01
1.710000000000000000e+02 -3.920175507664680481e-02 -1.700172759592533112e-02 4.312219023704528809e-01
1.720000000000000000e+02 2.133977971971035004e-02 -4.999605938792228699e-02 1.081448569893836975e-01
1.730000000000000000e+02 -1.756397111085661322e-10 -5.365343391895294189e-02 1.081448569893836975e-01
1.740000000000000000e+02 -2.133977971971035004e-02 -4.999605938792228699e-02 1.081448569893836975e-01
1.750000000000000000e+02 2.157004922628402710e-02 -5.053552985191345215e-02 8.033619821071624756e-02
1.760000000000000000e+02 9.498697384202614558e-10 -5.423254147171974182e-02 8.033619821071624756e-02
1.770000000000000000e+02 -2.157004550099372864e-02 -5.053552985191345215e-02 8.033619821071624756e-02
1.780000000000000000e+02 2.187943644821643829e-02 -5.126040801405906677e-02 5.252751335501670837e-02
1.790000000000000000e+02 1.772763602581051146e-10 -5.501073598861694336e-02 5.252752825617790222e-02
1.800000000000000000e+02 -2.187943831086158752e-02 -5.126040801405906677e-02 5.252751335501670837e-02
1.810000000000000000e+02 -4.856039211153984070e-02 2.072699926793575287e-02 1.637622416019439697e-01
1.820000000000000000e+02 -5.211279913783073425e-02 -1.224165352420314434e-10 1.637622416019439697e-01
1.830000000000000000e+02 -4.856039583683013916e-02 -2.072699926793575287e-02 1.637622565031051636e-01
1.840000000000000000e+02 -4.752605408430099487e-02 2.028551138937473297e-02 1.915709078311920166e-01
1.850000000000000000e+02 -5.100294202566146851e-02 -1.211786920807256251e-10 1.915709376335144043e-01
1.860000000000000000e+02 -4.752605035901069641e-02 -2.028551138937473297e-02 1.915709078311920166e-01
1.870000000000000000e+02 -4.666300490498542786e-02 1.991713978350162506e-02 2.193796038627624512e-01
1.880000000000000000e+02 -5.007687211036682129e-02 -1.352208900406992598e-10 2.193796038627624512e-01
1.890000000000000000e+02 -4.666301235556602478e-02 -1.991713978350162506e-02 2.193796038627624512e-01
1.900000000000000000e+02 2.072699554264545441e-02 4.856039583683013916e-02 1.637622416019439697e-01
1.910000000000000000e+02 -3.162067552242575630e-10 5.211279913783073425e-02 1.637622565031051636e-01
1.920000000000000000e+02 -2.072699181735515594e-02 4.856039583683013916e-02 1.637622267007827759e-01
1.930000000000000000e+02 2.028550952672958374e-02 4.752604663372039795e-02 1.915709376335144043e-01
1.940000000000000000e+02 4.573770251425912647e-10 5.100294202566146851e-02 1.915709376335144043e-01
1.950000000000000000e+02 -2.028550952672958374e-02 4.752603918313980103e-02 1.915709376335144043e-01
1.960000000000000000e+02 1.991714164614677429e-02 4.666301235556602478e-02 2.193796038627624512e-01
1.970000000000000000e+02 -3.782369695226606154e-10 5.007686838507652283e-02 2.193796038627624512e-01
1.980000000000000000e+02 -1.991713978350162506e-02 4.666301980614662170e-02 2.193796038627624512e-01
1.990000000000000000e+02 4.856039583683013916e-02 -2.072699554264545441e-02 1.637622416019439697e-01
2.000000000000000000e+02 5.211279913783073425e-02 9.178916654528634922e-11 1.637622565031051636e-01
2.010000000000000000e+02 4.856039583683013916e-02 2.072699181735515594e-02 1.637622267007827759e-01
2.020000000000000000e+02 4.752604663372039795e-02 -2.028550952672958374e-02 1.915709376335144043e-01
2.030000000000000000e+02 5.100294202566146851e-02 -7.296083737173830741e-10 1.915709376335144043e-01
2.040000000000000000e+02 4.752603918313980103e-02 2.028550952672958374e-02 1.915709376335144043e-01
2.050000000000000000e+02 4.666301235556602478e-02 -1.991714350879192352e-02 2.193796038627624512e-01
2.060000000000000000e+02 5.007686838507652283e-02 5.698039609591809551e-11 2.193796038627624512e-01
2.070000000000000000e+02 4.666301980614662170e-02 1.991713978350162506e-02 2.193796038627624512e-01
2.080000000000000000e+02 5.126040428876876831e-02 -2.187943831086158752e-02 5.252751335501670837e-02
2.090000000000000000e+02 5.501074716448783875e-02 -5.007685932589822642e-10 5.252751335501670837e-02
2.100000000000000000e+02 5.053553357720375061e-02 -2.157004922628402710e-02 8.033619821071624756e-02
2.110000000000000000e+02 5.423256382346153259e-02 7.820090131005486001e-10 8.033619821071624756e-02
2.120000000000000000e+02 5.053552985191345215e-02 2.157004922628402710e-02 8.033619821071624756e-02
2.130000000000000000e+02 4.999606311321258545e-02 -2.133977971971035004e-02 1.081448569893836975e-01
2.140000000000000000e+02 5.365343391895294189e-02 4.149330323777178364e-10 1.081448569893836975e-01
2.150000000000000000e+02 4.999605938792228699e-02 2.133978158235549927e-02 1.081448569893836975e-01
2.160000000000000000e+02 2.187943831086158752e-02 5.126040428876876831e-02 5.252751335501670837e-02
2.170000000000000000e+02 4.304993861392603094e-10 5.501074716448783875e-02 5.252751335501670837e-02
2.180000000000000000e+02 -2.187943644821643829e-02 5.126040056347846985e-02 5.252751335501670837e-02
2.190000000000000000e+02 2.157004922628402710e-02 5.053553357720375061e-02 8.033619821071624756e-02
2.200000000000000000e+02 -8.784862837174500783e-10 5.423256382346153259e-02 8.033619821071624756e-02
2.210000000000000000e+02 -2.157004922628402710e-02 5.053552985191345215e-02 8.033619821071624756e-02
2.220000000000000000e+02 2.133977971971035004e-02 4.999606311321258545e-02 1.081448569893836975e-01
2.230000000000000000e+02 -5.485374376945628683e-10 5.365343391895294189e-02 1.081448569893836975e-01
2.240000000000000000e+02 -2.133978158235549927e-02 4.999605938792228699e-02 1.081448569893836975e-01
2.250000000000000000e+02 -5.126040428876876831e-02 2.187944203615188599e-02 5.252751335501670837e-02
2.260000000000000000e+02 -5.501074716448783875e-02 -1.562425744339179801e-10 5.252751335501670837e-02
2.270000000000000000e+02 -5.126040801405906677e-02 -2.187944389879703522e-02 5.252751335501670837e-02
2.280000000000000000e+02 -5.053554847836494446e-02 2.157004922628402710e-02 8.033619821071624756e-02
2.290000000000000000e+02 -5.423255264759063721e-02 -1.462333309998342656e-10 8.033619821071624756e-02
2.300000000000000000e+02 -5.053554102778434753e-02 -2.157004922628402710e-02 8.033619821071624756e-02
2.310000000000000000e+02 -4.999605566263198853e-02 2.133978717029094696e-02 1.081448569893836975e-01
2.320000000000000000e+02 -5.365344136953353882e-02 -1.360651452619876522e-10 1.081448718905448914e-01
2.330000000000000000e+02 -4.999606311321258545e-02 -2.133978344500064850e-02 1.081448718905448914e-01
2.340000000000000000e+02 1.991713605821132660e-02 -4.666301235556602478e-02 2.193796038627624512e-01
2.350000000000000000e+02 -4.022621402643977717e-10 -5.007686838507652283e-02 2.193796038627624512e-01
2.360000000000000000e+02 -1.991713792085647583e-02 -4.666301235556602478e-02 2.193796038627624512e-01
2.370000000000000000e+02 2.028551138937473297e-02 -4.752605035901069641e-02 1.915709078311920166e-01
2.380000000000000000e+02 4.573771361648937273e-10 -5.100294202566146851e-02 1.915709376335144043e-01
2.390000000000000000e+02 -2.028551138937473297e-02 -4.752604290843009949e-02 1.915709078311920166e-01
2.400000000000000000e+02 2.072700113058090210e-02 -4.856039583683013916e-02 1.637622117996215820e-01
2.410000000000000000e+02 -2.912047825098795784e-10 -5.211279541254043579e-02 1.637622565031051636e-01
2.420000000000000000e+02 -2.072699926793575287e-02 -4.856039583683013916e-02 1.637622267007827759e-01
2.430000000000000000e+02 -4.584157094359397888e-02 1.956652849912643433e-02 2.749969959259033203e-01
2.440000000000000000e+02 -4.919565096497535706e-02 -1.444416530826941880e-10 2.749969363212585449e-01
2.450000000000000000e+02 -4.584157466888427734e-02 -1.956652849912643433e-02 2.749969959259033203e-01
2.460000000000000000e+02 -4.507208243012428284e-02 1.923808455467224121e-02 3.028056621551513672e-01
2.470000000000000000e+02 -4.837000742554664612e-02 -4.754058813283279505e-10 3.028056621551513672e-01
2.480000000000000000e+02 -4.507207497954368591e-02 -1.923808455467224121e-02 3.028056621551513672e-01
2.490000000000000000e+02 -4.435608908534049988e-02 1.893247850239276886e-02 3.306142687797546387e-01
2.500000000000000000e+02 -4.760165885090827942e-02 -1.513999897673201644e-10 3.306143283843994141e-01
2.510000000000000000e+02 -4.435608908534049988e-02 -1.893248036503791809e-02 3.306142687797546387e-01
2.520000000000000000e+02 1.956652104854583740e-02 4.584157094359397888e-02 2.749969363212585449e-01
2.530000000000000000e+02 -4.783299867305856878e-10 4.919565096497535706e-02 2.749969363212585449e-01
2.540000000000000000e+02 -1.956652104854583740e-02 4.584157094359397888e-02 2.749969363212585449e-01
2.550000000000000000e+02 1.923808269202709198e-02 4.507207497954368591e-02 3.028056621551513672e-01
2.560000000000000000e+02 2.739275195562385079e-10 4.837000742554664612e-02 3.028056621551513672e-01
2.570000000000000000e+02 -1.923808269202709198e-02 4.507207125425338745e-02 3.028056621551513672e-01
2.580000000000000000e+02 1.893248036503791809e-02 4.435608908534049988e-02 3.306142985820770264e-01
2.590000000000000000e+02 -4.923663143863166169e-10 4.760165885090827942e-02 3.306143283843994141e-01
2.600000000000000000e+02 -1.893248036503791809e-02 4.435609653592109680e-02 3.306142687797546387e-01
2.610000000000000000e+02 4.584157094359397888e-02 -1.956652291119098663e-02 2.749969363212585449e-01
2.620000000000000000e+02 4.919565096497535706e-02 5.777332084955233427e-11 2.749969363212585449e-01
2.630000000000000000e+02 4.584157094359397888e-02 1.956652104854583740e-02 2.749969363212585449e-01
2.640000000000000000e+02 4.507207497954368591e-02 -1.923808269202709198e-02 3.028056621551513672e-01
2.650000000000000000e+02 4.837000742554664612e-02 -7.313020189414487504e-10 3.028056621551513672e-01
2.660000000000000000e+02 4.507207125425338745e-02 1.923808269202709198e-02 3.028056621551513672e-01
2.670000000000000000e+02 4.435608908534049988e-02 -1.893248036503791809e-02 3.306142985820770264e-01
2.680000000000000000e+02 4.760165885090827942e-02 1.154958247095994039e-11 3.306143283843994141e-01
2.690000000000000000e+02 4.435609653592109680e-02 1.893248036503791809e-02 3.306142687797546387e-01
2.700000000000000000e+02 1.700171828269958496e-02 -3.920175507664680481e-02 4.312218129634857178e-01
2.710000000000000000e+02 7.931681006434487813e-11 -4.207213968038558960e-02 4.322040379047393799e-01
2.720000000000000000e+02 -1.700172387063503265e-02 -3.920175880193710327e-02 4.312218725681304932e-01
2.730000000000000000e+02 1.836990006268024445e-02 -4.307301715016365051e-02 4.108217358589172363e-01
2.740000000000000000e+02 1.525473324048842727e-11 -4.624622315168380737e-02 4.111222028732299805e-01
2.750000000000000000e+02 -1.836990006268024445e-02 -4.307301715016365051e-02 4.108217358589172363e-01
2.760000000000000000e+02 1.882722787559032440e-02 -4.411381483078002930e-02 3.858293592929840088e-01
2.770000000000000000e+02 -3.196878040068185101e-10 -4.734392464160919189e-02 3.858669400215148926e-01
2.780000000000000000e+02 -1.882722787559032440e-02 -4.411381483078002930e-02 3.858293592929840088e-01
2.790000000000000000e+02 -4.184723645448684692e-02 -4.184723645448684692e-02 0.000000000000000000e+00
2.800000000000000000e+02 -4.184723645448684692e-02 4.184723645448684692e-02 0.000000000000000000e+00
2.810000000000000000e+02 4.184723645448684692e-02 -4.184723645448684692e-02 0.000000000000000000e+00
2.820000000000000000e+02 4.184723645448684692e-02 4.184723645448684692e-02 0.000000000000000000e+00
2.830000000000000000e+02 -5.361669883131980896e-02 2.288517355918884277e-02 0.000000000000000000e+00
2.840000000000000000e+02 -5.753980949521064758e-02 -1.675628524822059262e-10 0.000000000000000000e+00
2.850000000000000000e+02 -5.361669883131980896e-02 -2.288517355918884277e-02 0.000000000000000000e+00
2.860000000000000000e+02 2.288517355918884277e-02 5.361670255661010742e-02 0.000000000000000000e+00
2.870000000000000000e+02 -1.230576973654251560e-09 5.753980949521064758e-02 0.000000000000000000e+00
2.880000000000000000e+02 -2.288517355918884277e-02 5.361669883131980896e-02 0.000000000000000000e+00
2.890000000000000000e+02 5.361670255661010742e-02 -2.288517355918884277e-02 0.000000000000000000e+00
2.900000000000000000e+02 5.753980949521064758e-02 1.169444541204711641e-09 0.000000000000000000e+00
2.910000000000000000e+02 5.361669883131980896e-02 2.288517355918884277e-02 0.000000000000000000e+00
2.920000000000000000e+02 -2.288517355918884277e-02 -5.361669883131980896e-02 0.000000000000000000e+00
2.930000000000000000e+02 -1.230576973654251560e-09 -5.753980949521064758e-02 0.000000000000000000e+00
2.940000000000000000e+02 2.288517355918884277e-02 -5.361670255661010742e-02 0.000000000000000000e+00
2.950000000000000000e+02 5.126040056347846985e-02 2.187943644821643829e-02 5.252751335501670837e-02
2.960000000000000000e+02 4.000849276781082153e-02 4.000849276781082153e-02 5.252751335501670837e-02
