0.000000000000000000e+00 0.000000000000000000e+00 9.610720276832580566e-01
0.000000000000000000e+00 2.000000000000000000e+00 9.610720872879028320e-01
0.000000000000000000e+00 4.000000000000000000e+00 9.610720872879028320e-01
0.000000000000000000e+00 6.000000000000000000e+00 9.610720872879028320e-01
0.000000000000000000e+00 1.200000000000000000e+01 1.816453337669372559e-01
0.000000000000000000e+00 1.300000000000000000e+01 1.816454380750656128e-01
0.000000000000000000e+00 1.400000000000000000e+01 1.816454678773880005e-01
0.000000000000000000e+00 1.500000000000000000e+01 1.816454678773880005e-01
0.000000000000000000e+00 2.000000000000000000e+01 9.612272977828979492e-01
0.000000000000000000e+00 2.100000000000000000e+01 9.614195227622985840e-01
0.000000000000000000e+00 2.200000000000000000e+01 9.612452983856201172e-01
0.000000000000000000e+00 2.600000000000000000e+01 9.612273573875427246e-01
0.000000000000000000e+00 2.700000000000000000e+01 9.614196419715881348e-01
0.000000000000000000e+00 2.800000000000000000e+01 9.612453579902648926e-01
0.000000000000000000e+00 3.500000000000000000e+01 9.612272977828979492e-01
0.000000000000000000e+00 3.600000000000000000e+01 9.614195823669433594e-01
0.000000000000000000e+00 3.700000000000000000e+01 9.612453579902648926e-01
0.000000000000000000e+00 4.400000000000000000e+01 9.612272977828979492e-01
0.000000000000000000e+00 4.500000000000000000e+01 9.614195227622985840e-01
0.000000000000000000e+00 4.600000000000000000e+01 9.612453579902648926e-01
0.000000000000000000e+00 5.300000000000000000e+01 6.483608484268188477e-02
0.000000000000000000e+00 5.600000000000000000e+01 6.483609229326248169e-02
0.000000000000000000e+00 5.900000000000000000e+01 6.483609974384307861e-02
0.000000000000000000e+00 6.200000000000000000e+01 6.483609229326248169e-02
0.000000000000000000e+00 8.000000000000000000e+01 8.146498203277587891e-01
0.000000000000000000e+00 8.100000000000000000e+01 5.000720024108886719e-01
0.000000000000000000e+00 8.200000000000000000e+01 9.269606471061706543e-01
0.000000000000000000e+00 8.300000000000000000e+01 8.146498203277587891e-01
0.000000000000000000e+00 8.400000000000000000e+01 5.000720024108886719e-01
0.000000000000000000e+00 8.500000000000000000e+01 9.269606471061706543e-01
0.000000000000000000e+00 8.600000000000000000e+01 8.146498203277587891e-01
0.000000000000000000e+00 8.700000000000000000e+01 5.000720024108886719e-01
0.000000000000000000e+00 8.800000000000000000e+01 9.269606471061706543e-01
0.000000000000000000e+00 8.900000000000000000e+01 8.146498203277587891e-01
0.000000000000000000e+00 9.000000000000000000e+01 5.000720024108886719e-01
0.000000000000000000e+00 9.100000000000000000e+01 1.805626600980758667e-01
0.000000000000000000e+00 9.200000000000000000e+01 1.794988214969635010e-01
0.000000000000000000e+00 9.300000000000000000e+01 1.805625408887863159e-01
0.000000000000000000e+00 9.400000000000000000e+01 1.805626451969146729e-01
0.000000000000000000e+00 9.500000000000000000e+01 1.794988065958023071e-01
0.000000000000000000e+00 9.600000000000000000e+01 1.805625408887863159e-01
0.000000000000000000e+00 9.700000000000000000e+01 1.805625706911087036e-01
0.000000000000000000e+00 9.800000000000000000e+01 1.794989556074142456e-01
0.000000000000000000e+00 9.900000000000000000e+01 1.805625408887863159e-01
0.000000000000000000e+00 1.000000000000000000e+02 1.805624365806579590e-01
0.000000000000000000e+00 1.010000000000000000e+02 1.794989258050918579e-01
0.000000000000000000e+00 1.020000000000000000e+02 1.805624514818191528e-01
0.000000000000000000e+00 1.720000000000000000e+02 4.999516010284423828e-01
0.000000000000000000e+00 1.730000000000000000e+02 4.998592138290405273e-01
0.000000000000000000e+00 1.740000000000000000e+02 4.999515712261199951e-01
0.000000000000000000e+00 1.750000000000000000e+02 8.155384659767150879e-01
0.000000000000000000e+00 1.760000000000000000e+02 8.164559006690979004e-01
0.000000000000000000e+00 1.770000000000000000e+02 8.155381083488464355e-01
0.000000000000000000e+00 1.780000000000000000e+02 9.274508953094482422e-01
0.000000000000000000e+00 1.790000000000000000e+02 9.279603362083435059e-01
0.000000000000000000e+00 1.800000000000000000e+02 9.274480342864990234e-01
0.000000000000000000e+00 1.810000000000000000e+02 6.428141146898269653e-02
0.000000000000000000e+00 1.820000000000000000e+02 6.373132020235061646e-02
0.000000000000000000e+00 1.830000000000000000e+02 6.428138166666030884e-02
0.000000000000000000e+00 1.900000000000000000e+02 6.428140401840209961e-02
0.000000000000000000e+00 1.910000000000000000e+02 6.373126804828643799e-02
0.000000000000000000e+00 1.920000000000000000e+02 6.428144872188568115e-02
0.000000000000000000e+00 1.990000000000000000e+02 6.428141146898269653e-02
0.000000000000000000e+00 2.000000000000000000e+02 6.373126804828643799e-02
0.000000000000000000e+00 2.010000000000000000e+02 6.428144872188568115e-02
0.000000000000000000e+00 2.080000000000000000e+02 9.274480938911437988e-01
0.000000000000000000e+00 2.090000000000000000e+02 9.279603958129882812e-01
0.000000000000000000e+00 2.100000000000000000e+02 8.155380487442016602e-01
0.000000000000000000e+00 2.110000000000000000e+02 8.164559006690979004e-01
0.000000000000000000e+00 2.120000000000000000e+02 8.155384659767150879e-01
0.000000000000000000e+00 2.130000000000000000e+02 4.999515712261199951e-01
0.000000000000000000e+00 2.140000000000000000e+02 4.998592436313629150e-01
0.000000000000000000e+00 2.150000000000000000e+02 4.999516010284423828e-01
0.000000000000000000e+00 2.160000000000000000e+02 9.274480938911437988e-01
0.000000000000000000e+00 2.170000000000000000e+02 9.279603958129882812e-01
0.000000000000000000e+00 2.180000000000000000e+02 9.274509549140930176e-01
0.000000000000000000e+00 2.190000000000000000e+02 8.155380487442016602e-01
0.000000000000000000e+00 2.200000000000000000e+02 8.164559006690979004e-01
0.000000000000000000e+00 2.210000000000000000e+02 8.155384659767150879e-01
0.000000000000000000e+00 2.220000000000000000e+02 4.999515712261199951e-01
0.000000000000000000e+00 2.230000000000000000e+02 4.998592436313629150e-01
0.000000000000000000e+00 2.240000000000000000e+02 4.999516010284423828e-01
0.000000000000000000e+00 2.250000000000000000e+02 9.274480342864990234e-01
0.000000000000000000e+00 2.260000000000000000e+02 9.279602766036987305e-01
0.000000000000000000e+00 2.270000000000000000e+02 9.274508357048034668e-01
0.000000000000000000e+00 2.280000000000000000e+02 8.155380487442016602e-01
0.000000000000000000e+00 2.290000000000000000e+02 8.164559006690979004e-01
0.000000000000000000e+00 2.300000000000000000e+02 8.155384659767150879e-01
0.000000000000000000e+00 2.310000000000000000e+02 4.999515712261199951e-01
0.000000000000000000e+00 2.320000000000000000e+02 4.998591244220733643e-01
0.000000000000000000e+00 2.330000000000000000e+02 4.999515116214752197e-01
0.000000000000000000e+00 2.400000000000000000e+02 6.428147852420806885e-02
0.000000000000000000e+00 2.410000000000000000e+02 6.373126804828643799e-02
0.000000000000000000e+00 2.420000000000000000e+02 6.428144127130508423e-02
0.000000000000000000e+00 2.790000000000000000e+02 9.664761424064636230e-01
0.000000000000000000e+00 2.800000000000000000e+02 9.664762020111083984e-01
0.000000000000000000e+00 2.810000000000000000e+02 9.664761424064636230e-01
0.000000000000000000e+00 2.820000000000000000e+02 9.664762020111083984e-01
0.000000000000000000e+00 2.830000000000000000e+02 9.665354490280151367e-01
0.000000000000000000e+00 2.840000000000000000e+02 9.666007757186889648e-01
0.000000000000000000e+00 2.850000000000000000e+02 9.665355682373046875e-01
0.000000000000000000e+00 2.860000000000000000e+02 9.665354490280151367e-01
0.000000000000000000e+00 2.870000000000000000e+02 9.666007757186889648e-01
0.000000000000000000e+00 2.880000000000000000e+02 9.665355682373046875e-01
0.000000000000000000e+00 2.890000000000000000e+02 9.665353894233703613e-01
0.000000000000000000e+00 2.900000000000000000e+02 9.666007757186889648e-01
0.000000000000000000e+00 2.910000000000000000e+02 9.665355682373046875e-01
0.000000000000000000e+00 2.920000000000000000e+02 9.665354490280151367e-01
0.000000000000000000e+00 2.930000000000000000e+02 9.666007161140441895e-01
0.000000000000000000e+00 2.940000000000000000e+02 9.665355086326599121e-01
0.000000000000000000e+00 2.950000000000000000e+02 9.274509549140930176e-01
0.000000000000000000e+00 2.960000000000000000e+02 9.269607067108154297e-01
1.000000000000000000e+00 0.000000000000000000e+00 2.427378669381141663e-02
1.000000000000000000e+00 2.000000000000000000e+00 2.427379414439201355e-02
1.000000000000000000e+00 4.000000000000000000e+00 2.427379414439201355e-02
1.000000000000000000e+00 6.000000000000000000e+00 2.427380159497261047e-02
1.000000000000000000e+00 8.000000000000000000e+00 5.076237022876739502e-03
1.000000000000000000e+00 9.000000000000000000e+00 5.076244473457336426e-03
1.000000000000000000e+00 1.000000000000000000e+01 5.076307803392410278e-03
1.000000000000000000e+00 1.100000000000000000e+01 5.076296627521514893e-03
1.000000000000000000e+00 1.200000000000000000e+01 7.285758256912231445e-01
1.000000000000000000e+00 1.300000000000000000e+01 7.285757660865783691e-01
1.000000000000000000e+00 1.400000000000000000e+01 7.285757064819335938e-01
1.000000000000000000e+00 1.500000000000000000e+01 7.285757660865783691e-01
1.000000000000000000e+00 2.000000000000000000e+01 2.397977933287620544e-02
1.000000000000000000e+00 2.100000000000000000e+01 2.361528947949409485e-02
1.000000000000000000e+00 2.200000000000000000e+01 2.394538745284080505e-02
1.000000000000000000e+00 2.600000000000000000e+01 2.397977933287620544e-02
1.000000000000000000e+00 2.700000000000000000e+01 2.361530438065528870e-02
1.000000000000000000e+00 2.800000000000000000e+01 2.394540235400199890e-02
1.000000000000000000e+00 3.200000000000000000e+01 4.625037312507629395e-03
1.000000000000000000e+00 3.300000000000000000e+01 4.174992442131042480e-03
1.000000000000000000e+00 3.400000000000000000e+01 4.625033587217330933e-03
1.000000000000000000e+00 3.500000000000000000e+01 2.397977933287620544e-02
1.000000000000000000e+00 3.600000000000000000e+01 2.361530438065528870e-02
1.000000000000000000e+00 3.700000000000000000e+01 2.394540235400199890e-02
1.000000000000000000e+00 4.400000000000000000e+01 2.397977188229560852e-02
1.000000000000000000e+00 4.500000000000000000e+01 2.361528947949409485e-02
1.000000000000000000e+00 4.600000000000000000e+01 2.394538745284080505e-02
1.000000000000000000e+00 5.000000000000000000e+01 4.625022411346435547e-03
1.000000000000000000e+00 5.100000000000000000e+01 4.174973815679550171e-03
1.000000000000000000e+00 5.200000000000000000e+01 4.625089466571807861e-03
1.000000000000000000e+00 5.300000000000000000e+01 6.750660538673400879e-01
1.000000000000000000e+00 5.400000000000000000e+01 2.374562919139862061e-01
1.000000000000000000e+00 5.500000000000000000e+01 8.142896741628646851e-02
1.000000000000000000e+00 5.600000000000000000e+01 6.750659942626953125e-01
1.000000000000000000e+00 5.700000000000000000e+01 2.374562472105026245e-01
1.000000000000000000e+00 5.800000000000000000e+01 8.142904937267303467e-02
1.000000000000000000e+00 5.900000000000000000e+01 6.750659346580505371e-01
1.000000000000000000e+00 6.000000000000000000e+01 2.374562323093414307e-01
1.000000000000000000e+00 6.100000000000000000e+01 8.142905682325363159e-02
1.000000000000000000e+00 6.200000000000000000e+01 6.750659942626953125e-01
1.000000000000000000e+00 6.300000000000000000e+01 2.374562472105026245e-01
1.000000000000000000e+00 6.400000000000000000e+01 8.142895996570587158e-02
1.000000000000000000e+00 7.400000000000000000e+01 4.625026136636734009e-03
1.000000000000000000e+00 7.500000000000000000e+01 4.174988716840744019e-03
1.000000000000000000e+00 7.600000000000000000e+01 4.625037312507629395e-03
1.000000000000000000e+00 7.700000000000000000e+01 4.625033587217330933e-03
1.000000000000000000e+00 7.800000000000000000e+01 4.174988716840744019e-03
1.000000000000000000e+00 7.900000000000000000e+01 4.625022411346435547e-03
1.000000000000000000e+00 8.000000000000000000e+01 1.767866909503936768e-01
1.000000000000000000e+00 8.100000000000000000e+01 4.766706824302673340e-01
1.000000000000000000e+00 8.200000000000000000e+01 6.967457383871078491e-02
1.000000000000000000e+00 8.300000000000000000e+01 1.767866760492324829e-01
1.000000000000000000e+00 8.400000000000000000e+01 4.766706824302673340e-01
1.000000000000000000e+00 8.500000000000000000e+01 6.967457383871078491e-02
1.000000000000000000e+00 8.600000000000000000e+01 1.767866760492324829e-01
1.000000000000000000e+00 8.700000000000000000e+01 4.766706526279449463e-01
1.000000000000000000e+00 8.800000000000000000e+01 6.967458128929138184e-02
1.000000000000000000e+00 8.900000000000000000e+01 1.767866760492324829e-01
1.000000000000000000e+00 9.000000000000000000e+01 4.766706824302673340e-01
1.000000000000000000e+00 9.100000000000000000e+01 7.302268743515014648e-01
1.000000000000000000e+00 9.200000000000000000e+01 7.318845391273498535e-01
1.000000000000000000e+00 9.300000000000000000e+01 7.302269339561462402e-01
1.000000000000000000e+00 9.400000000000000000e+01 7.302268743515014648e-01
1.000000000000000000e+00 9.500000000000000000e+01 7.318845391273498535e-01
1.000000000000000000e+00 9.600000000000000000e+01 7.302268743515014648e-01
1.000000000000000000e+00 9.700000000000000000e+01 7.302268743515014648e-01
1.000000000000000000e+00 9.800000000000000000e+01 7.318843603134155273e-01
1.000000000000000000e+00 9.900000000000000000e+01 7.302269339561462402e-01
1.000000000000000000e+00 1.000000000000000000e+02 7.302269339561462402e-01
1.000000000000000000e+00 1.010000000000000000e+02 7.318844199180603027e-01
1.000000000000000000e+00 1.020000000000000000e+02 7.302269935607910156e-01
1.000000000000000000e+00 1.720000000000000000e+02 4.770535528659820557e-01
1.000000000000000000e+00 1.730000000000000000e+02 4.774147570133209229e-01
1.000000000000000000e+00 1.740000000000000000e+02 4.770535826683044434e-01
1.000000000000000000e+00 1.750000000000000000e+02 1.759791821241378784e-01
1.000000000000000000e+00 1.760000000000000000e+02 1.751462966203689575e-01
1.000000000000000000e+00 1.770000000000000000e+02 1.759795993566513062e-01
1.000000000000000000e+00 1.780000000000000000e+02 6.921310722827911377e-02
1.000000000000000000e+00 1.790000000000000000e+02 6.873379647731781006e-02
1.000000000000000000e+00 1.800000000000000000e+02 6.921582669019699097e-02
1.000000000000000000e+00 1.810000000000000000e+02 6.766178011894226074e-01
1.000000000000000000e+00 1.820000000000000000e+02 6.782159209251403809e-01
1.000000000000000000e+00 1.830000000000000000e+02 6.766176819801330566e-01
1.000000000000000000e+00 1.840000000000000000e+02 2.361062169075012207e-01
1.000000000000000000e+00 1.850000000000000000e+02 2.348161190748214722e-01
1.000000000000000000e+00 1.860000000000000000e+02 2.361062169075012207e-01
1.000000000000000000e+00 1.870000000000000000e+02 8.081538230180740356e-02
1.000000000000000000e+00 1.880000000000000000e+02 8.021422475576400757e-02
1.000000000000000000e+00 1.890000000000000000e+02 8.081538975238800049e-02
1.000000000000000000e+00 1.900000000000000000e+02 6.766178607940673828e-01
1.000000000000000000e+00 1.910000000000000000e+02 6.782158613204956055e-01
1.000000000000000000e+00 1.920000000000000000e+02 6.766179203987121582e-01
1.000000000000000000e+00 1.930000000000000000e+02 2.361059337854385376e-01
1.000000000000000000e+00 1.940000000000000000e+02 2.348161935806274414e-01
1.000000000000000000e+00 1.950000000000000000e+02 2.361058741807937622e-01
1.000000000000000000e+00 1.960000000000000000e+02 8.081538975238800049e-02
1.000000000000000000e+00 1.970000000000000000e+02 8.021422475576400757e-02
1.000000000000000000e+00 1.980000000000000000e+02 8.081537485122680664e-02
1.000000000000000000e+00 1.990000000000000000e+02 6.766178607940673828e-01
1.000000000000000000e+00 2.000000000000000000e+02 6.782158613204956055e-01
1.000000000000000000e+00 2.010000000000000000e+02 6.766179800033569336e-01
1.000000000000000000e+00 2.020000000000000000e+02 2.361059039831161499e-01
1.000000000000000000e+00 2.030000000000000000e+02 2.348161935806274414e-01
1.000000000000000000e+00 2.040000000000000000e+02 2.361058890819549561e-01
1.000000000000000000e+00 2.050000000000000000e+02 8.081538975238800049e-02
1.000000000000000000e+00 2.060000000000000000e+02 8.021422475576400757e-02
1.000000000000000000e+00 2.070000000000000000e+02 8.081538975238800049e-02
1.000000000000000000e+00 2.080000000000000000e+02 6.921583414077758789e-02
1.000000000000000000e+00 2.090000000000000000e+02 6.873378157615661621e-02
1.000000000000000000e+00 2.100000000000000000e+02 1.759796291589736938e-01
1.000000000000000000e+00 2.110000000000000000e+02 1.751463264226913452e-01
1.000000000000000000e+00 2.120000000000000000e+02 1.759791970252990723e-01
1.000000000000000000e+00 2.130000000000000000e+02 4.770536124706268311e-01
1.000000000000000000e+00 2.140000000000000000e+02 4.774147570133209229e-01
1.000000000000000000e+00 2.150000000000000000e+02 4.770535826683044434e-01
1.000000000000000000e+00 2.160000000000000000e+02 6.921583414077758789e-02
1.000000000000000000e+00 2.170000000000000000e+02 6.873378157615661621e-02
1.000000000000000000e+00 2.180000000000000000e+02 6.921310722827911377e-02
1.000000000000000000e+00 2.190000000000000000e+02 1.759796291589736938e-01
1.000000000000000000e+00 2.200000000000000000e+02 1.751463264226913452e-01
1.000000000000000000e+00 2.210000000000000000e+02 1.759791970252990723e-01
1.000000000000000000e+00 2.220000000000000000e+02 4.770536124706268311e-01
1.000000000000000000e+00 2.230000000000000000e+02 4.774147570133209229e-01
1.000000000000000000e+00 2.240000000000000000e+02 4.770535826683044434e-01
1.000000000000000000e+00 2.250000000000000000e+02 6.921582669019699097e-02
1.000000000000000000e+00 2.260000000000000000e+02 6.873376667499542236e-02
1.000000000000000000e+00 2.270000000000000000e+02 6.921309977769851685e-02
1.000000000000000000e+00 2.280000000000000000e+02 1.759796142578125000e-01
1.000000000000000000e+00 2.290000000000000000e+02 1.751462817192077637e-01
1.000000000000000000e+00 2.300000000000000000e+02 1.759791821241378784e-01
1.000000000000000000e+00 2.310000000000000000e+02 4.770535826683044434e-01
1.000000000000000000e+00 2.320000000000000000e+02 4.774148464202880859e-01
1.000000000000000000e+00 2.330000000000000000e+02 4.770536422729492188e-01
1.000000000000000000e+00 2.340000000000000000e+02 8.081538975238800049e-02
1.000000000000000000e+00 2.350000000000000000e+02 8.021421730518341064e-02
1.000000000000000000e+00 2.360000000000000000e+02 8.081537485122680664e-02
1.000000000000000000e+00 2.370000000000000000e+02 2.361061275005340576e-01
1.000000000000000000e+00 2.380000000000000000e+02 2.348160892724990845e-01
1.000000000000000000e+00 2.390000000000000000e+02 2.361061125993728638e-01
1.000000000000000000e+00 2.400000000000000000e+02 6.766179800033569336e-01
1.000000000000000000e+00 2.410000000000000000e+02 6.782158017158508301e-01
1.000000000000000000e+00 2.420000000000000000e+02 6.766178607940673828e-01
1.000000000000000000e+00 2.790000000000000000e+02 1.396417152136564255e-02
1.000000000000000000e+00 2.800000000000000000e+02 1.396417897194623947e-02
1.000000000000000000e+00 2.810000000000000000e+02 1.396417152136564255e-02
1.000000000000000000e+00 2.820000000000000000e+02 1.396417897194623947e-02
1.000000000000000000e+00 2.830000000000000000e+02 1.385169755667448044e-02
1.000000000000000000e+00 2.840000000000000000e+02 1.372766029089689255e-02
1.000000000000000000e+00 2.850000000000000000e+02 1.385142933577299118e-02
1.000000000000000000e+00 2.860000000000000000e+02 1.385169755667448044e-02
1.000000000000000000e+00 2.870000000000000000e+02 1.372766774147748947e-02
1.000000000000000000e+00 2.880000000000000000e+02 1.385143678635358810e-02
1.000000000000000000e+00 2.890000000000000000e+02 1.385169755667448044e-02
1.000000000000000000e+00 2.900000000000000000e+02 1.372766774147748947e-02
1.000000000000000000e+00 2.910000000000000000e+02 1.385143678635358810e-02
1.000000000000000000e+00 2.920000000000000000e+02 1.385169010609388351e-02
1.000000000000000000e+00 2.930000000000000000e+02 1.372765284031629562e-02
1.000000000000000000e+00 2.940000000000000000e+02 1.385142933577299118e-02
1.000000000000000000e+00 2.950000000000000000e+02 6.921311467885971069e-02
1.000000000000000000e+00 2.960000000000000000e+02 6.967458128929138184e-02
2.000000000000000000e+00 8.000000000000000000e+00 2.234479933977127075e-01
2.000000000000000000e+00 9.000000000000000000e+00 2.234479486942291260e-01
2.000000000000000000e+00 1.000000000000000000e+01 2.234481722116470337e-01
2.000000000000000000e+00 1.100000000000000000e+01 2.234482169151306152e-01
2.000000000000000000e+00 1.200000000000000000e+01 7.922336459159851074e-02
2.000000000000000000e+00 1.300000000000000000e+01 7.922332733869552612e-02
2.000000000000000000e+00 1.400000000000000000e+01 7.922333478927612305e-02
2.000000000000000000e+00 1.500000000000000000e+01 7.922333478927612305e-02
2.000000000000000000e+00 3.200000000000000000e+01 2.224811464548110962e-01
2.000000000000000000e+00 3.300000000000000000e+01 2.215429842472076416e-01
2.000000000000000000e+00 3.400000000000000000e+01 2.224811315536499023e-01
2.000000000000000000e+00 5.000000000000000000e+01 2.224810719490051270e-01
2.000000000000000000e+00 5.100000000000000000e+01 2.215429097414016724e-01
2.000000000000000000e+00 5.200000000000000000e+01 2.224813550710678101e-01
2.000000000000000000e+00 5.300000000000000000e+01 2.294549047946929932e-01
2.000000000000000000e+00 5.400000000000000000e+01 6.522631049156188965e-01
2.000000000000000000e+00 5.500000000000000000e+01 6.567069888114929199e-01
2.000000000000000000e+00 5.600000000000000000e+01 2.294549196958541870e-01
2.000000000000000000e+00 5.700000000000000000e+01 6.522631049156188965e-01
2.000000000000000000e+00 5.800000000000000000e+01 6.567071080207824707e-01
2.000000000000000000e+00 5.900000000000000000e+01 2.294549494981765747e-01
2.000000000000000000e+00 6.000000000000000000e+01 6.522631049156188965e-01
2.000000000000000000e+00 6.100000000000000000e+01 6.567070484161376953e-01
2.000000000000000000e+00 6.200000000000000000e+01 2.294549494981765747e-01
2.000000000000000000e+00 6.300000000000000000e+01 6.522631049156188965e-01
2.000000000000000000e+00 6.400000000000000000e+01 6.567068696022033691e-01
2.000000000000000000e+00 7.400000000000000000e+01 2.224810719490051270e-01
2.000000000000000000e+00 7.500000000000000000e+01 2.215429544448852539e-01
2.000000000000000000e+00 7.600000000000000000e+01 2.224811166524887085e-01
2.000000000000000000e+00 7.700000000000000000e+01 2.224811464548110962e-01
2.000000000000000000e+00 7.800000000000000000e+01 2.215429693460464478e-01
2.000000000000000000e+00 7.900000000000000000e+01 2.224810868501663208e-01
2.000000000000000000e+00 9.100000000000000000e+01 7.873732596635818481e-02
2.000000000000000000e+00 9.200000000000000000e+01 7.822991907596588135e-02
2.000000000000000000e+00 9.300000000000000000e+01 7.873737812042236328e-02
2.000000000000000000e+00 9.400000000000000000e+01 7.873732596635818481e-02
2.000000000000000000e+00 9.500000000000000000e+01 7.822991162538528442e-02
2.000000000000000000e+00 9.600000000000000000e+01 7.873736321926116943e-02
2.000000000000000000e+00 9.700000000000000000e+01 7.873739302158355713e-02
2.000000000000000000e+00 9.800000000000000000e+01 7.822988182306289673e-02
2.000000000000000000e+00 9.900000000000000000e+01 7.873738557100296021e-02
2.000000000000000000e+00 1.000000000000000000e+02 7.873742282390594482e-02
2.000000000000000000e+00 1.010000000000000000e+02 7.822988927364349365e-02
2.000000000000000000e+00 1.020000000000000000e+02 7.873742282390594482e-02
2.000000000000000000e+00 1.030000000000000000e+02 7.521380484104156494e-02
2.000000000000000000e+00 1.060000000000000000e+02 7.521381229162216187e-02
2.000000000000000000e+00 1.090000000000000000e+02 7.521379739046096802e-02
2.000000000000000000e+00 1.120000000000000000e+02 7.521361112594604492e-02
2.000000000000000000e+00 1.330000000000000000e+02 7.467852532863616943e-02
2.000000000000000000e+00 1.340000000000000000e+02 7.414751499891281128e-02
2.000000000000000000e+00 1.350000000000000000e+02 7.467851787805557251e-02
2.000000000000000000e+00 1.810000000000000000e+02 2.286820709705352783e-01
2.000000000000000000e+00 1.820000000000000000e+02 2.278694510459899902e-01
2.000000000000000000e+00 1.830000000000000000e+02 2.286821901798248291e-01
2.000000000000000000e+00 1.840000000000000000e+02 6.544138193130493164e-01
2.000000000000000000e+00 1.850000000000000000e+02 6.565202474594116211e-01
2.000000000000000000e+00 1.860000000000000000e+02 6.544138193130493164e-01
2.000000000000000000e+00 1.870000000000000000e+02 6.583184599876403809e-01
2.000000000000000000e+00 1.880000000000000000e+02 6.599324941635131836e-01
2.000000000000000000e+00 1.890000000000000000e+02 6.583184599876403809e-01
2.000000000000000000e+00 1.900000000000000000e+02 2.286820262670516968e-01
2.000000000000000000e+00 1.910000000000000000e+02 2.278695404529571533e-01
2.000000000000000000e+00 1.920000000000000000e+02 2.286818921566009521e-01
2.000000000000000000e+00 1.930000000000000000e+02 6.544140577316284180e-01
2.000000000000000000e+00 1.940000000000000000e+02 6.565201878547668457e-01
2.000000000000000000e+00 1.950000000000000000e+02 6.544140577316284180e-01
2.000000000000000000e+00 1.960000000000000000e+02 6.583184599876403809e-01
2.000000000000000000e+00 1.970000000000000000e+02 6.599324941635131836e-01
2.000000000000000000e+00 1.980000000000000000e+02 6.583184599876403809e-01
2.000000000000000000e+00 1.990000000000000000e+02 2.286820113658905029e-01
2.000000000000000000e+00 2.000000000000000000e+02 2.278695404529571533e-01
2.000000000000000000e+00 2.010000000000000000e+02 2.286818921566009521e-01
2.000000000000000000e+00 2.020000000000000000e+02 6.544139981269836426e-01
2.000000000000000000e+00 2.030000000000000000e+02 6.565201878547668457e-01
2.000000000000000000e+00 2.040000000000000000e+02 6.544141173362731934e-01
2.000000000000000000e+00 2.050000000000000000e+02 6.583184003829956055e-01
2.000000000000000000e+00 2.060000000000000000e+02 6.599324941635131836e-01
2.000000000000000000e+00 2.070000000000000000e+02 6.583184599876403809e-01
2.000000000000000000e+00 2.340000000000000000e+02 6.583184003829956055e-01
2.000000000000000000e+00 2.350000000000000000e+02 6.599324941635131836e-01
2.000000000000000000e+00 2.360000000000000000e+02 6.583184599876403809e-01
2.000000000000000000e+00 2.370000000000000000e+02 6.544138789176940918e-01
2.000000000000000000e+00 2.380000000000000000e+02 6.565202474594116211e-01
2.000000000000000000e+00 2.390000000000000000e+02 6.544138789176940918e-01
2.000000000000000000e+00 2.400000000000000000e+02 2.286818921566009521e-01
2.000000000000000000e+00 2.410000000000000000e+02 2.278696000576019287e-01
2.000000000000000000e+00 2.420000000000000000e+02 2.286819666624069214e-01
2.000000000000000000e+00 2.430000000000000000e+02 7.467852532863616943e-02
2.000000000000000000e+00 2.440000000000000000e+02 7.414742559194564819e-02
2.000000000000000000e+00 2.450000000000000000e+02 7.467851787805557251e-02
2.000000000000000000e+00 2.520000000000000000e+02 7.467872649431228638e-02
2.000000000000000000e+00 2.530000000000000000e+02 7.414740324020385742e-02
2.000000000000000000e+00 2.540000000000000000e+02 7.467870414257049561e-02
2.000000000000000000e+00 2.610000000000000000e+02 7.467869669198989868e-02
2.000000000000000000e+00 2.620000000000000000e+02 7.414739578962326050e-02
2.000000000000000000e+00 2.630000000000000000e+02 7.467871904373168945e-02
3.000000000000000000e+00 8.000000000000000000e+00 6.619319319725036621e-01
3.000000000000000000e+00 9.000000000000000000e+00 6.619319915771484375e-01
3.000000000000000000e+00 1.000000000000000000e+01 6.619318127632141113e-01
3.000000000000000000e+00 1.100000000000000000e+01 6.619317531585693359e-01
3.000000000000000000e+00 3.200000000000000000e+01 6.636636853218078613e-01
3.000000000000000000e+00 3.300000000000000000e+01 6.653785705566406250e-01
3.000000000000000000e+00 3.400000000000000000e+01 6.636637449264526367e-01
3.000000000000000000e+00 5.000000000000000000e+01 6.636638045310974121e-01
3.000000000000000000e+00 5.100000000000000000e+01 6.653786897659301758e-01
3.000000000000000000e+00 5.200000000000000000e+01 6.636635661125183105e-01
3.000000000000000000e+00 5.300000000000000000e+01 4.401195794343948364e-03
3.000000000000000000e+00 5.400000000000000000e+01 7.777298986911773682e-02
3.000000000000000000e+00 5.500000000000000000e+01 2.254944592714309692e-01
3.000000000000000000e+00 5.600000000000000000e+01 4.401192069053649902e-03
3.000000000000000000e+00 5.700000000000000000e+01 7.777298986911773682e-02
3.000000000000000000e+00 5.800000000000000000e+01 2.254942208528518677e-01
3.000000000000000000e+00 5.900000000000000000e+01 4.401210695505142212e-03
3.000000000000000000e+00 6.000000000000000000e+01 7.777301967144012451e-02
3.000000000000000000e+00 6.100000000000000000e+01 2.254943102598190308e-01
3.000000000000000000e+00 6.200000000000000000e+01 4.401218146085739136e-03
3.000000000000000000e+00 6.300000000000000000e+01 7.777301222085952759e-02
3.000000000000000000e+00 6.400000000000000000e+01 2.254945337772369385e-01
3.000000000000000000e+00 7.400000000000000000e+01 6.636638045310974121e-01
3.000000000000000000e+00 7.500000000000000000e+01 6.653786301612854004e-01
3.000000000000000000e+00 7.600000000000000000e+01 6.636637449264526367e-01
3.000000000000000000e+00 7.700000000000000000e+01 6.636637449264526367e-01
3.000000000000000000e+00 7.800000000000000000e+01 6.653786301612854004e-01
3.000000000000000000e+00 7.900000000000000000e+01 6.636637449264526367e-01
3.000000000000000000e+00 1.030000000000000000e+02 6.635866165161132812e-01
3.000000000000000000e+00 1.040000000000000000e+02 2.210183441638946533e-01
3.000000000000000000e+00 1.050000000000000000e+02 7.203833758831024170e-02
3.000000000000000000e+00 1.060000000000000000e+02 6.635866165161132812e-01
3.000000000000000000e+00 1.070000000000000000e+02 2.210184186697006226e-01
3.000000000000000000e+00 1.080000000000000000e+02 7.203835994005203247e-02
3.000000000000000000e+00 1.090000000000000000e+02 6.635866761207580566e-01
3.000000000000000000e+00 1.100000000000000000e+02 2.210183441638946533e-01
3.000000000000000000e+00 1.110000000000000000e+02 7.203807681798934937e-02
3.000000000000000000e+00 1.120000000000000000e+02 6.635862588882446289e-01
3.000000000000000000e+00 1.130000000000000000e+02 2.210184335708618164e-01
3.000000000000000000e+00 1.140000000000000000e+02 7.203825563192367554e-02
3.000000000000000000e+00 1.270000000000000000e+02 7.153168320655822754e-02
3.000000000000000000e+00 1.280000000000000000e+02 7.103380560874938965e-02
3.000000000000000000e+00 1.290000000000000000e+02 7.153159379959106445e-02
3.000000000000000000e+00 1.300000000000000000e+02 2.200151830911636353e-01
3.000000000000000000e+00 1.310000000000000000e+02 2.190584689378738403e-01
3.000000000000000000e+00 1.320000000000000000e+02 2.200151830911636353e-01
3.000000000000000000e+00 1.330000000000000000e+02 6.651946902275085449e-01
3.000000000000000000e+00 1.340000000000000000e+02 6.668276786804199219e-01
3.000000000000000000e+00 1.350000000000000000e+02 6.651946902275085449e-01
3.000000000000000000e+00 1.810000000000000000e+02 4.006452858448028564e-03
3.000000000000000000e+00 1.820000000000000000e+02 3.592159599065780640e-03
3.000000000000000000e+00 1.830000000000000000e+02 4.006486386060714722e-03
3.000000000000000000e+00 1.840000000000000000e+02 7.727485895156860352e-02
3.000000000000000000e+00 1.850000000000000000e+02 7.676147669553756714e-02
3.000000000000000000e+00 1.860000000000000000e+02 7.727487385272979736e-02
3.000000000000000000e+00 1.870000000000000000e+02 2.247589379549026489e-01
3.000000000000000000e+00 1.880000000000000000e+02 2.240140438079833984e-01
3.000000000000000000e+00 1.890000000000000000e+02 2.247589677572250366e-01
3.000000000000000000e+00 1.900000000000000000e+02 4.006449133157730103e-03
3.000000000000000000e+00 1.910000000000000000e+02 3.592174500226974487e-03
3.000000000000000000e+00 1.920000000000000000e+02 4.006415605545043945e-03
3.000000000000000000e+00 1.930000000000000000e+02 7.727491855621337891e-02
3.000000000000000000e+00 1.940000000000000000e+02 7.676145434379577637e-02
3.000000000000000000e+00 1.950000000000000000e+02 7.727491855621337891e-02
3.000000000000000000e+00 1.960000000000000000e+02 2.247589379549026489e-01
3.000000000000000000e+00 1.970000000000000000e+02 2.240139991044998169e-01
3.000000000000000000e+00 1.980000000000000000e+02 2.247589379549026489e-01
3.000000000000000000e+00 1.990000000000000000e+02 4.006452858448028564e-03
3.000000000000000000e+00 2.000000000000000000e+02 3.592181950807571411e-03
3.000000000000000000e+00 2.010000000000000000e+02 4.006415605545043945e-03
3.000000000000000000e+00 2.020000000000000000e+02 7.727492600679397583e-02
3.000000000000000000e+00 2.030000000000000000e+02 7.676146179437637329e-02
3.000000000000000000e+00 2.040000000000000000e+02 7.727491855621337891e-02
3.000000000000000000e+00 2.050000000000000000e+02 2.247589528560638428e-01
3.000000000000000000e+00 2.060000000000000000e+02 2.240140140056610107e-01
3.000000000000000000e+00 2.070000000000000000e+02 2.247589379549026489e-01
3.000000000000000000e+00 2.340000000000000000e+02 2.247590273618698120e-01
3.000000000000000000e+00 2.350000000000000000e+02 2.240140885114669800e-01
3.000000000000000000e+00 2.360000000000000000e+02 2.247589826583862305e-01
3.000000000000000000e+00 2.370000000000000000e+02 7.727487385272979736e-02
3.000000000000000000e+00 2.380000000000000000e+02 7.676149159669876099e-02
3.000000000000000000e+00 2.390000000000000000e+02 7.727486640214920044e-02
3.000000000000000000e+00 2.400000000000000000e+02 4.006415605545043945e-03
3.000000000000000000e+00 2.410000000000000000e+02 3.592193126678466797e-03
3.000000000000000000e+00 2.420000000000000000e+02 4.006430506706237793e-03
3.000000000000000000e+00 2.430000000000000000e+02 6.651947498321533203e-01
3.000000000000000000e+00 2.440000000000000000e+02 6.668276786804199219e-01
3.000000000000000000e+00 2.450000000000000000e+02 6.651947498321533203e-01
3.000000000000000000e+00 2.460000000000000000e+02 2.200152575969696045e-01
3.000000000000000000e+00 2.470000000000000000e+02 2.190580368041992188e-01
3.000000000000000000e+00 2.480000000000000000e+02 2.200153023004531860e-01
3.000000000000000000e+00 2.490000000000000000e+02 7.153183221817016602e-02
3.000000000000000000e+00 2.500000000000000000e+02 7.103351503610610962e-02
3.000000000000000000e+00 2.510000000000000000e+02 7.153181731700897217e-02
3.000000000000000000e+00 2.520000000000000000e+02 6.651949882507324219e-01
3.000000000000000000e+00 2.530000000000000000e+02 6.668276786804199219e-01
3.000000000000000000e+00 2.540000000000000000e+02 6.651950478553771973e-01
3.000000000000000000e+00 2.550000000000000000e+02 2.200151383876800537e-01
3.000000000000000000e+00 2.560000000000000000e+02 2.190579324960708618e-01
3.000000000000000000e+00 2.570000000000000000e+02 2.200150936841964722e-01
3.000000000000000000e+00 2.580000000000000000e+02 7.153169810771942139e-02
3.000000000000000000e+00 2.590000000000000000e+02 7.103350013494491577e-02
3.000000000000000000e+00 2.600000000000000000e+02 7.153180986642837524e-02
3.000000000000000000e+00 2.610000000000000000e+02 6.651949882507324219e-01
3.000000000000000000e+00 2.620000000000000000e+02 6.668276190757751465e-01
3.000000000000000000e+00 2.630000000000000000e+02 6.651949882507324219e-01
3.000000000000000000e+00 2.640000000000000000e+02 2.200150936841964722e-01
3.000000000000000000e+00 2.650000000000000000e+02 2.190579175949096680e-01
3.000000000000000000e+00 2.660000000000000000e+02 2.200151234865188599e-01
3.000000000000000000e+00 2.670000000000000000e+02 7.153167575597763062e-02
3.000000000000000000e+00 2.680000000000000000e+02 7.103348523378372192e-02
3.000000000000000000e+00 2.690000000000000000e+02 7.153178751468658447e-02
4.000000000000000000e+00 8.000000000000000000e+00 7.551432400941848755e-02
4.000000000000000000e+00 9.000000000000000000e+00 7.551430910825729370e-02
4.000000000000000000e+00 1.000000000000000000e+01 7.551422715187072754e-02
4.000000000000000000e+00 1.100000000000000000e+01 7.551424950361251831e-02
4.000000000000000000e+00 1.600000000000000000e+01 2.192918360233306885e-01
4.000000000000000000e+00 1.700000000000000000e+01 2.192918062210083008e-01
4.000000000000000000e+00 1.800000000000000000e+01 2.192920297384262085e-01
4.000000000000000000e+00 1.900000000000000000e+01 2.192918956279754639e-01
4.000000000000000000e+00 3.200000000000000000e+01 7.506290823221206665e-02
4.000000000000000000e+00 3.300000000000000000e+01 7.460126280784606934e-02
4.000000000000000000e+00 3.400000000000000000e+01 7.506290823221206665e-02
4.000000000000000000e+00 4.100000000000000000e+01 7.322089374065399170e-02
4.000000000000000000e+00 4.200000000000000000e+01 4.346508532762527466e-03
4.000000000000000000e+00 5.000000000000000000e+01 7.506293058395385742e-02
4.000000000000000000e+00 5.100000000000000000e+01 7.460127770900726318e-02
4.000000000000000000e+00 5.200000000000000000e+01 7.506285607814788818e-02
4.000000000000000000e+00 5.500000000000000000e+01 1.180097460746765137e-03
4.000000000000000000e+00 5.800000000000000000e+01 1.180037856101989746e-03
4.000000000000000000e+00 6.100000000000000000e+01 1.180037856101989746e-03
4.000000000000000000e+00 6.400000000000000000e+01 1.180093735456466675e-03
4.000000000000000000e+00 6.500000000000000000e+01 7.322088629007339478e-02
4.000000000000000000e+00 6.600000000000000000e+01 4.346512258052825928e-03
4.000000000000000000e+00 6.800000000000000000e+01 7.322092354297637939e-02
4.000000000000000000e+00 6.900000000000000000e+01 4.346534609794616699e-03
4.000000000000000000e+00 7.100000000000000000e+01 7.322090119123458862e-02
4.000000000000000000e+00 7.200000000000000000e+01 4.346523433923721313e-03
4.000000000000000000e+00 7.400000000000000000e+01 7.506290823221206665e-02
4.000000000000000000e+00 7.500000000000000000e+01 7.460124790668487549e-02
4.000000000000000000e+00 7.600000000000000000e+01 7.506291568279266357e-02
4.000000000000000000e+00 7.700000000000000000e+01 7.506290823221206665e-02
4.000000000000000000e+00 7.800000000000000000e+01 7.460126280784606934e-02
4.000000000000000000e+00 7.900000000000000000e+01 7.506291568279266357e-02
4.000000000000000000e+00 1.030000000000000000e+02 2.244227975606918335e-01
4.000000000000000000e+00 1.040000000000000000e+02 6.706772446632385254e-01
4.000000000000000000e+00 1.050000000000000000e+02 6.742453575134277344e-01
4.000000000000000000e+00 1.060000000000000000e+02 2.244227379560470581e-01
4.000000000000000000e+00 1.070000000000000000e+02 6.706771254539489746e-01
4.000000000000000000e+00 1.080000000000000000e+02 6.742452979087829590e-01
4.000000000000000000e+00 1.090000000000000000e+02 2.244227826595306396e-01
4.000000000000000000e+00 1.100000000000000000e+02 6.706772446632385254e-01
4.000000000000000000e+00 1.110000000000000000e+02 6.742448806762695312e-01
4.000000000000000000e+00 1.120000000000000000e+02 2.244232892990112305e-01
4.000000000000000000e+00 1.130000000000000000e+02 6.706771254539489746e-01
4.000000000000000000e+00 1.140000000000000000e+02 6.742451786994934082e-01
4.000000000000000000e+00 1.150000000000000000e+02 2.183120697736740112e-01
4.000000000000000000e+00 1.160000000000000000e+02 2.173460870981216431e-01
4.000000000000000000e+00 1.170000000000000000e+02 2.183121740818023682e-01
4.000000000000000000e+00 1.180000000000000000e+02 2.183121740818023682e-01
4.000000000000000000e+00 1.190000000000000000e+02 2.173461318016052246e-01
4.000000000000000000e+00 1.200000000000000000e+02 2.183122038841247559e-01
4.000000000000000000e+00 1.210000000000000000e+02 2.183121144771575928e-01
4.000000000000000000e+00 1.220000000000000000e+02 2.173461019992828369e-01
4.000000000000000000e+00 1.230000000000000000e+02 2.183121591806411743e-01
4.000000000000000000e+00 1.240000000000000000e+02 2.183121591806411743e-01
4.000000000000000000e+00 1.250000000000000000e+02 2.173456251621246338e-01
4.000000000000000000e+00 1.260000000000000000e+02 2.183120995759963989e-01
4.000000000000000000e+00 1.270000000000000000e+02 6.757812500000000000e-01
4.000000000000000000e+00 1.280000000000000000e+02 6.773158311843872070e-01
4.000000000000000000e+00 1.290000000000000000e+02 6.757811307907104492e-01
4.000000000000000000e+00 1.300000000000000000e+02 6.723736524581909180e-01
4.000000000000000000e+00 1.310000000000000000e+02 6.740358471870422363e-01
4.000000000000000000e+00 1.320000000000000000e+02 6.723735928535461426e-01
4.000000000000000000e+00 1.330000000000000000e+02 2.236182689666748047e-01
4.000000000000000000e+00 1.340000000000000000e+02 2.227917611598968506e-01
4.000000000000000000e+00 1.350000000000000000e+02 2.236182540655136108e-01
4.000000000000000000e+00 1.450000000000000000e+02 7.253117114305496216e-02
4.000000000000000000e+00 1.460000000000000000e+02 7.184614241123199463e-02
4.000000000000000000e+00 1.470000000000000000e+02 7.253115624189376831e-02
4.000000000000000000e+00 1.480000000000000000e+02 3.061700612306594849e-03
4.000000000000000000e+00 1.490000000000000000e+02 1.844946295022964478e-03
4.000000000000000000e+00 1.500000000000000000e+02 3.061644732952117920e-03
4.000000000000000000e+00 1.540000000000000000e+02 7.253118604421615601e-02
4.000000000000000000e+00 1.550000000000000000e+02 7.184615731239318848e-02
4.000000000000000000e+00 1.560000000000000000e+02 7.253117859363555908e-02
4.000000000000000000e+00 1.570000000000000000e+02 3.061715513467788696e-03
4.000000000000000000e+00 1.580000000000000000e+02 1.844838261604309082e-03
4.000000000000000000e+00 1.590000000000000000e+02 3.061663359403610229e-03
4.000000000000000000e+00 1.630000000000000000e+02 7.253118604421615601e-02
4.000000000000000000e+00 1.640000000000000000e+02 7.184613496065139771e-02
4.000000000000000000e+00 1.650000000000000000e+02 7.253114879131317139e-02
4.000000000000000000e+00 1.660000000000000000e+02 3.061715513467788696e-03
4.000000000000000000e+00 1.670000000000000000e+02 1.844827085733413696e-03
4.000000000000000000e+00 1.680000000000000000e+02 3.061644732952117920e-03
4.000000000000000000e+00 1.870000000000000000e+02 8.415095508098602295e-04
4.000000000000000000e+00 1.880000000000000000e+02 4.924461245536804199e-04
4.000000000000000000e+00 1.890000000000000000e+02 8.415095508098602295e-04
4.000000000000000000e+00 1.960000000000000000e+02 8.415132761001586914e-04
4.000000000000000000e+00 1.970000000000000000e+02 4.924498498439788818e-04
4.000000000000000000e+00 1.980000000000000000e+02 8.415132761001586914e-04
4.000000000000000000e+00 2.050000000000000000e+02 8.415132761001586914e-04
4.000000000000000000e+00 2.060000000000000000e+02 4.924498498439788818e-04
4.000000000000000000e+00 2.070000000000000000e+02 8.415170013904571533e-04
4.000000000000000000e+00 2.340000000000000000e+02 8.415207266807556152e-04
4.000000000000000000e+00 2.350000000000000000e+02 4.924647510051727295e-04
4.000000000000000000e+00 2.360000000000000000e+02 8.415207266807556152e-04
4.000000000000000000e+00 2.430000000000000000e+02 2.236181944608688354e-01
4.000000000000000000e+00 2.440000000000000000e+02 2.227918505668640137e-01
4.000000000000000000e+00 2.450000000000000000e+02 2.236181795597076416e-01
4.000000000000000000e+00 2.460000000000000000e+02 6.723735928535461426e-01
4.000000000000000000e+00 2.470000000000000000e+02 6.740362048149108887e-01
4.000000000000000000e+00 2.480000000000000000e+02 6.723735332489013672e-01
4.000000000000000000e+00 2.490000000000000000e+02 6.757814288139343262e-01
4.000000000000000000e+00 2.500000000000000000e+02 6.773153543472290039e-01
4.000000000000000000e+00 2.510000000000000000e+02 6.757814288139343262e-01
4.000000000000000000e+00 2.520000000000000000e+02 2.236177921295166016e-01
4.000000000000000000e+00 2.530000000000000000e+02 2.227919101715087891e-01
4.000000000000000000e+00 2.540000000000000000e+02 2.236177921295166016e-01
4.000000000000000000e+00 2.550000000000000000e+02 6.723737716674804688e-01
4.000000000000000000e+00 2.560000000000000000e+02 6.740363240242004395e-01
4.000000000000000000e+00 2.570000000000000000e+02 6.723737716674804688e-01
4.000000000000000000e+00 2.580000000000000000e+02 6.757813096046447754e-01
4.000000000000000000e+00 2.590000000000000000e+02 6.773154139518737793e-01
4.000000000000000000e+00 2.600000000000000000e+02 6.757814884185791016e-01
4.000000000000000000e+00 2.610000000000000000e+02 2.236177772283554077e-01
4.000000000000000000e+00 2.620000000000000000e+02 2.227918952703475952e-01
4.000000000000000000e+00 2.630000000000000000e+02 2.236177772283554077e-01
4.000000000000000000e+00 2.640000000000000000e+02 6.723737716674804688e-01
4.000000000000000000e+00 2.650000000000000000e+02 6.740363240242004395e-01
4.000000000000000000e+00 2.660000000000000000e+02 6.723737716674804688e-01
4.000000000000000000e+00 2.670000000000000000e+02 6.757813096046447754e-01
4.000000000000000000e+00 2.680000000000000000e+02 6.773154139518737793e-01
4.000000000000000000e+00 2.690000000000000000e+02 6.757814884185791016e-01
4.000000000000000000e+00 2.730000000000000000e+02 3.061756491661071777e-03
4.000000000000000000e+00 2.740000000000000000e+02 1.844920217990875244e-03
4.000000000000000000e+00 2.750000000000000000e+02 3.061752766370773315e-03
4.000000000000000000e+00 2.760000000000000000e+02 7.253115624189376831e-02
4.000000000000000000e+00 2.770000000000000000e+02 7.184610515832901001e-02
4.000000000000000000e+00 2.780000000000000000e+02 7.253116369247436523e-02
5.000000000000000000e+00 1.000000000000000000e+00 6.326740980148315430e-02
5.000000000000000000e+00 3.000000000000000000e+00 6.326730549335479736e-02
5.000000000000000000e+00 5.000000000000000000e+00 6.326727569103240967e-02
5.000000000000000000e+00 7.000000000000000000e+00 6.326729059219360352e-02
5.000000000000000000e+00 1.600000000000000000e+01 6.705998182296752930e-01
5.000000000000000000e+00 1.700000000000000000e+01 6.705998778343200684e-01
5.000000000000000000e+00 1.800000000000000000e+01 6.705997586250305176e-01
5.000000000000000000e+00 1.900000000000000000e+01 6.705998182296752930e-01
5.000000000000000000e+00 2.300000000000000000e+01 4.941731318831443787e-02
5.000000000000000000e+00 2.400000000000000000e+01 3.756814822554588318e-02
5.000000000000000000e+00 2.500000000000000000e+01 4.941715672612190247e-02
5.000000000000000000e+00 2.900000000000000000e+01 4.941732063889503479e-02
5.000000000000000000e+00 3.000000000000000000e+01 3.756814077496528625e-02
5.000000000000000000e+00 3.100000000000000000e+01 4.941713437438011169e-02
5.000000000000000000e+00 3.800000000000000000e+01 4.941713437438011169e-02
5.000000000000000000e+00 3.900000000000000000e+01 3.756811842322349548e-02
5.000000000000000000e+00 4.000000000000000000e+01 4.941727593541145325e-02
5.000000000000000000e+00 4.100000000000000000e+01 6.611548662185668945e-01
5.000000000000000000e+00 4.200000000000000000e+01 2.471483647823333740e-01
5.000000000000000000e+00 4.300000000000000000e+01 1.092363223433494568e-01
5.000000000000000000e+00 4.700000000000000000e+01 4.941708967089653015e-02
5.000000000000000000e+00 4.800000000000000000e+01 3.756794705986976624e-02
5.000000000000000000e+00 4.900000000000000000e+01 4.941728338599205017e-02
5.000000000000000000e+00 6.500000000000000000e+01 6.611549258232116699e-01
5.000000000000000000e+00 6.600000000000000000e+01 2.471484243869781494e-01
5.000000000000000000e+00 6.700000000000000000e+01 1.092363670468330383e-01
5.000000000000000000e+00 6.800000000000000000e+01 6.611549854278564453e-01
5.000000000000000000e+00 6.900000000000000000e+01 2.471484541893005371e-01
5.000000000000000000e+00 7.000000000000000000e+01 1.092362627387046814e-01
5.000000000000000000e+00 7.100000000000000000e+01 6.611549854278564453e-01
5.000000000000000000e+00 7.200000000000000000e+01 2.471484541893005371e-01
5.000000000000000000e+00 7.300000000000000000e+01 1.092362552881240845e-01
5.000000000000000000e+00 1.040000000000000000e+02 7.121974229812622070e-02
5.000000000000000000e+00 1.050000000000000000e+02 2.174979299306869507e-01
5.000000000000000000e+00 1.070000000000000000e+02 7.121974974870681763e-02
5.000000000000000000e+00 1.080000000000000000e+02 2.174979448318481445e-01
5.000000000000000000e+00 1.100000000000000000e+02 7.121974974870681763e-02
5.000000000000000000e+00 1.110000000000000000e+02 2.174986451864242554e-01
5.000000000000000000e+00 1.130000000000000000e+02 7.121974229812622070e-02
5.000000000000000000e+00 1.140000000000000000e+02 2.174981534481048584e-01
5.000000000000000000e+00 1.150000000000000000e+02 6.723778843879699707e-01
5.000000000000000000e+00 1.160000000000000000e+02 6.741579174995422363e-01
5.000000000000000000e+00 1.170000000000000000e+02 6.723778247833251953e-01
5.000000000000000000e+00 1.180000000000000000e+02 6.723778247833251953e-01
5.000000000000000000e+00 1.190000000000000000e+02 6.741578578948974609e-01
5.000000000000000000e+00 1.200000000000000000e+02 6.723777651786804199e-01
5.000000000000000000e+00 1.210000000000000000e+02 6.723778247833251953e-01
5.000000000000000000e+00 1.220000000000000000e+02 6.741577982902526855e-01
5.000000000000000000e+00 1.230000000000000000e+02 6.723777055740356445e-01
5.000000000000000000e+00 1.240000000000000000e+02 6.723777055740356445e-01
5.000000000000000000e+00 1.250000000000000000e+02 6.741581559181213379e-01
5.000000000000000000e+00 1.260000000000000000e+02 6.723777651786804199e-01
5.000000000000000000e+00 1.270000000000000000e+02 2.167399227619171143e-01
5.000000000000000000e+00 1.280000000000000000e+02 2.159796655178070068e-01
5.000000000000000000e+00 1.290000000000000000e+02 2.167401313781738281e-01
5.000000000000000000e+00 1.300000000000000000e+02 7.082182168960571289e-02
5.000000000000000000e+00 1.310000000000000000e+02 7.041203230619430542e-02
5.000000000000000000e+00 1.320000000000000000e+02 7.082181423902511597e-02
5.000000000000000000e+00 1.360000000000000000e+02 9.219534695148468018e-04
5.000000000000000000e+00 1.380000000000000000e+02 9.219609200954437256e-04
5.000000000000000000e+00 1.420000000000000000e+02 9.219422936439514160e-04
5.000000000000000000e+00 1.440000000000000000e+02 9.219683706760406494e-04
5.000000000000000000e+00 1.450000000000000000e+02 6.629799604415893555e-01
5.000000000000000000e+00 1.460000000000000000e+02 6.648844480514526367e-01
5.000000000000000000e+00 1.470000000000000000e+02 6.629800200462341309e-01
5.000000000000000000e+00 1.480000000000000000e+02 2.425235658884048462e-01
5.000000000000000000e+00 1.490000000000000000e+02 2.381776124238967896e-01
5.000000000000000000e+00 1.500000000000000000e+02 2.425233423709869385e-01
5.000000000000000000e+00 1.510000000000000000e+02 1.025592684745788574e-01
5.000000000000000000e+00 1.520000000000000000e+02 9.745027124881744385e-02
5.000000000000000000e+00 1.530000000000000000e+02 1.025592833757400513e-01
5.000000000000000000e+00 1.540000000000000000e+02 6.629800200462341309e-01
5.000000000000000000e+00 1.550000000000000000e+02 6.648846268653869629e-01
5.000000000000000000e+00 1.560000000000000000e+02 6.629800796508789062e-01
5.000000000000000000e+00 1.570000000000000000e+02 2.425236552953720093e-01
5.000000000000000000e+00 1.580000000000000000e+02 2.381771206855773926e-01
5.000000000000000000e+00 1.590000000000000000e+02 2.425234019756317139e-01
5.000000000000000000e+00 1.600000000000000000e+02 1.025592982769012451e-01
5.000000000000000000e+00 1.610000000000000000e+02 9.745028614997863770e-02
5.000000000000000000e+00 1.620000000000000000e+02 1.025593206286430359e-01
5.000000000000000000e+00 1.630000000000000000e+02 6.629800796508789062e-01
5.000000000000000000e+00 1.640000000000000000e+02 6.648846864700317383e-01
5.000000000000000000e+00 1.650000000000000000e+02 6.629800796508789062e-01
5.000000000000000000e+00 1.660000000000000000e+02 2.425236552953720093e-01
5.000000000000000000e+00 1.670000000000000000e+02 2.381771206855773926e-01
5.000000000000000000e+00 1.680000000000000000e+02 2.425234019756317139e-01
5.000000000000000000e+00 1.690000000000000000e+02 1.025592982769012451e-01
5.000000000000000000e+00 1.700000000000000000e+02 9.745028614997863770e-02
5.000000000000000000e+00 1.710000000000000000e+02 1.025592982769012451e-01
5.000000000000000000e+00 2.460000000000000000e+02 7.082180678844451904e-02
5.000000000000000000e+00 2.470000000000000000e+02 7.041220366954803467e-02
5.000000000000000000e+00 2.480000000000000000e+02 7.082181423902511597e-02
5.000000000000000000e+00 2.490000000000000000e+02 2.167396545410156250e-01
5.000000000000000000e+00 2.500000000000000000e+02 2.159803807735443115e-01
5.000000000000000000e+00 2.510000000000000000e+02 2.167396694421768188e-01
5.000000000000000000e+00 2.550000000000000000e+02 7.082179933786392212e-02
5.000000000000000000e+00 2.560000000000000000e+02 7.041219621896743774e-02
5.000000000000000000e+00 2.570000000000000000e+02 7.082179188728332520e-02
5.000000000000000000e+00 2.580000000000000000e+02 2.167398780584335327e-01
5.000000000000000000e+00 2.590000000000000000e+02 2.159803658723831177e-01
5.000000000000000000e+00 2.600000000000000000e+02 2.167396545410156250e-01
5.000000000000000000e+00 2.640000000000000000e+02 7.082180678844451904e-02
5.000000000000000000e+00 2.650000000000000000e+02 7.041219621896743774e-02
5.000000000000000000e+00 2.660000000000000000e+02 7.082179933786392212e-02
5.000000000000000000e+00 2.670000000000000000e+02 2.167398780584335327e-01
5.000000000000000000e+00 2.680000000000000000e+02 2.159803658723831177e-01
5.000000000000000000e+00 2.690000000000000000e+02 2.167396545410156250e-01
5.000000000000000000e+00 2.700000000000000000e+02 1.025595888495445251e-01
5.000000000000000000e+00 2.710000000000000000e+02 9.745010733604431152e-02
5.000000000000000000e+00 2.720000000000000000e+02 1.025593876838684082e-01
5.000000000000000000e+00 2.730000000000000000e+02 2.425238490104675293e-01
5.000000000000000000e+00 2.740000000000000000e+02 2.381775230169296265e-01
5.000000000000000000e+00 2.750000000000000000e+02 2.425238341093063354e-01
5.000000000000000000e+00 2.760000000000000000e+02 6.629798412322998047e-01
5.000000000000000000e+00 2.770000000000000000e+02 6.648843884468078613e-01
5.000000000000000000e+00 2.780000000000000000e+02 6.629798412322998047e-01
6.000000000000000000e+00 1.000000000000000000e+00 9.289785027503967285e-01
6.000000000000000000e+00 3.000000000000000000e+00 9.289786219596862793e-01
6.000000000000000000e+00 5.000000000000000000e+00 9.289786815643310547e-01
6.000000000000000000e+00 7.000000000000000000e+00 9.289786219596862793e-01
6.000000000000000000e+00 1.600000000000000000e+01 8.384505659341812134e-02
6.000000000000000000e+00 1.700000000000000000e+01 8.384503424167633057e-02
6.000000000000000000e+00 1.800000000000000000e+01 8.384502679109573364e-02
6.000000000000000000e+00 1.900000000000000000e+01 8.384502679109573364e-02
6.000000000000000000e+00 2.300000000000000000e+01 9.442038536071777344e-01
6.000000000000000000e+00 2.400000000000000000e+01 9.508590102195739746e-01
6.000000000000000000e+00 2.500000000000000000e+01 9.442039728164672852e-01
6.000000000000000000e+00 2.900000000000000000e+01 9.442037940025329590e-01
6.000000000000000000e+00 3.000000000000000000e+01 9.508590102195739746e-01
6.000000000000000000e+00 3.100000000000000000e+01 9.442039132118225098e-01
6.000000000000000000e+00 3.800000000000000000e+01 9.442039132118225098e-01
6.000000000000000000e+00 3.900000000000000000e+01 9.508589506149291992e-01
6.000000000000000000e+00 4.000000000000000000e+01 9.442038536071777344e-01
6.000000000000000000e+00 4.100000000000000000e+01 2.568743824958801270e-01
6.000000000000000000e+00 4.200000000000000000e+01 7.224339246749877930e-01
6.000000000000000000e+00 4.300000000000000000e+01 8.773586750030517578e-01
6.000000000000000000e+00 4.700000000000000000e+01 9.442039728164672852e-01
6.000000000000000000e+00 4.800000000000000000e+01 9.508591294288635254e-01
6.000000000000000000e+00 4.900000000000000000e+01 9.442039132118225098e-01
6.000000000000000000e+00 6.500000000000000000e+01 2.568743228912353516e-01
6.000000000000000000e+00 6.600000000000000000e+01 7.224338650703430176e-01
6.000000000000000000e+00 6.700000000000000000e+01 8.773586153984069824e-01
6.000000000000000000e+00 6.800000000000000000e+01 2.568742334842681885e-01
6.000000000000000000e+00 6.900000000000000000e+01 7.224338054656982422e-01
6.000000000000000000e+00 7.000000000000000000e+01 8.773586750030517578e-01
6.000000000000000000e+00 7.100000000000000000e+01 2.568742334842681885e-01
6.000000000000000000e+00 7.200000000000000000e+01 7.224338650703430176e-01
6.000000000000000000e+00 7.300000000000000000e+01 8.773587346076965332e-01
6.000000000000000000e+00 1.050000000000000000e+02 4.061773419380187988e-03
6.000000000000000000e+00 1.080000000000000000e+02 4.061762243509292603e-03
6.000000000000000000e+00 1.110000000000000000e+02 4.061929881572723389e-03
6.000000000000000000e+00 1.140000000000000000e+02 4.061806946992874146e-03
6.000000000000000000e+00 1.150000000000000000e+02 8.325822651386260986e-02
6.000000000000000000e+00 1.160000000000000000e+02 8.265683799982070923e-02
6.000000000000000000e+00 1.170000000000000000e+02 8.325823396444320679e-02
6.000000000000000000e+00 1.180000000000000000e+02 8.325821906328201294e-02
6.000000000000000000e+00 1.190000000000000000e+02 8.265683799982070923e-02
6.000000000000000000e+00 1.200000000000000000e+02 8.325823396444320679e-02
6.000000000000000000e+00 1.210000000000000000e+02 8.325823396444320679e-02
6.000000000000000000e+00 1.220000000000000000e+02 8.265687525272369385e-02
6.000000000000000000e+00 1.230000000000000000e+02 8.325827121734619141e-02
6.000000000000000000e+00 1.240000000000000000e+02 8.325827121734619141e-02
6.000000000000000000e+00 1.250000000000000000e+02 8.265697956085205078e-02
6.000000000000000000e+00 1.260000000000000000e+02 8.325827121734619141e-02
6.000000000000000000e+00 1.270000000000000000e+02 3.674775362014770508e-03
6.000000000000000000e+00 1.280000000000000000e+02 3.276873379945755005e-03
6.000000000000000000e+00 1.290000000000000000e+02 3.674823790788650513e-03
6.000000000000000000e+00 1.360000000000000000e+02 9.714213013648986816e-01
6.000000000000000000e+00 1.370000000000000000e+02 9.813045263290405273e-01
6.000000000000000000e+00 1.380000000000000000e+02 9.714213013648986816e-01
6.000000000000000000e+00 1.390000000000000000e+02 9.813045263290405273e-01
6.000000000000000000e+00 1.400000000000000000e+02 9.992947578430175781e-01
6.000000000000000000e+00 1.410000000000000000e+02 9.813045263290405273e-01
6.000000000000000000e+00 1.420000000000000000e+02 9.714213013648986816e-01
6.000000000000000000e+00 1.430000000000000000e+02 9.813045263290405273e-01
6.000000000000000000e+00 1.440000000000000000e+02 9.714213013648986816e-01
6.000000000000000000e+00 1.450000000000000000e+02 2.558337152004241943e-01
6.000000000000000000e+00 1.460000000000000000e+02 2.547088861465454102e-01
6.000000000000000000e+00 1.470000000000000000e+02 2.558335959911346436e-01
6.000000000000000000e+00 1.480000000000000000e+02 7.277796864509582520e-01
6.000000000000000000e+00 1.490000000000000000e+02 7.328085303306579590e-01
6.000000000000000000e+00 1.500000000000000000e+02 7.277799844741821289e-01
6.000000000000000000e+00 1.510000000000000000e+02 8.848833441734313965e-01
6.000000000000000000e+00 1.520000000000000000e+02 8.906429409980773926e-01
6.000000000000000000e+00 1.530000000000000000e+02 8.848834037780761719e-01
6.000000000000000000e+00 1.540000000000000000e+02 2.558335959911346436e-01
6.000000000000000000e+00 1.550000000000000000e+02 2.547087073326110840e-01
6.000000000000000000e+00 1.560000000000000000e+02 2.558335363864898682e-01
6.000000000000000000e+00 1.570000000000000000e+02 7.277795672416687012e-01
6.000000000000000000e+00 1.580000000000000000e+02 7.328090667724609375e-01
6.000000000000000000e+00 1.590000000000000000e+02 7.277798652648925781e-01
6.000000000000000000e+00 1.600000000000000000e+02 8.848832845687866211e-01
6.000000000000000000e+00 1.610000000000000000e+02 8.906429409980773926e-01
6.000000000000000000e+00 1.620000000000000000e+02 8.848833441734313965e-01
6.000000000000000000e+00 1.630000000000000000e+02 2.558335959911346436e-01
6.000000000000000000e+00 1.640000000000000000e+02 2.547087371349334717e-01
6.000000000000000000e+00 1.650000000000000000e+02 2.558335661888122559e-01
6.000000000000000000e+00 1.660000000000000000e+02 7.277795672416687012e-01
6.000000000000000000e+00 1.670000000000000000e+02 7.328091263771057129e-01
6.000000000000000000e+00 1.680000000000000000e+02 7.277799248695373535e-01
6.000000000000000000e+00 1.690000000000000000e+02 8.848833441734313965e-01
6.000000000000000000e+00 1.700000000000000000e+02 8.906429409980773926e-01
6.000000000000000000e+00 1.710000000000000000e+02 8.848833441734313965e-01
6.000000000000000000e+00 2.490000000000000000e+02 3.674678504467010498e-03
6.000000000000000000e+00 2.500000000000000000e+02 3.277003765106201172e-03
6.000000000000000000e+00 2.510000000000000000e+02 3.674682229757308960e-03
6.000000000000000000e+00 2.580000000000000000e+02 3.674734383821487427e-03
6.000000000000000000e+00 2.590000000000000000e+02 3.277000039815902710e-03
6.000000000000000000e+00 2.600000000000000000e+02 3.674671053886413574e-03
6.000000000000000000e+00 2.670000000000000000e+02 3.674756735563278198e-03
6.000000000000000000e+00 2.680000000000000000e+02 3.277018666267395020e-03
6.000000000000000000e+00 2.690000000000000000e+02 3.674685955047607422e-03
6.000000000000000000e+00 2.700000000000000000e+02 8.848830461502075195e-01
6.000000000000000000e+00 2.710000000000000000e+02 8.906431794166564941e-01
6.000000000000000000e+00 2.720000000000000000e+02 8.848832249641418457e-01
6.000000000000000000e+00 2.730000000000000000e+02 7.277793884277343750e-01
6.000000000000000000e+00 2.740000000000000000e+02 7.328086495399475098e-01
6.000000000000000000e+00 2.750000000000000000e+02 7.277793884277343750e-01
6.000000000000000000e+00 2.760000000000000000e+02 2.558338046073913574e-01
6.000000000000000000e+00 2.770000000000000000e+02 2.547090053558349609e-01
6.000000000000000000e+00 2.780000000000000000e+02 2.558337748050689697e-01
